Enter step-size : 0.2
Enter exploration-variable : 4
     1

x-value
    3.0427
    1.7883
    3.1606
    0.8951
    4.5094
    0.0000
    0.0000
    0.0000
    0.0000
    0.0000
    0.0000
    0.0000
    0.0000
    0.0000
    0.0000
         0
    0.0000
    0.0000
    0.0000
         0
         0
         0
         0
         0
         0
    0.0000
         0
         0
    0.0000
    0.0000
         0
    0.0000
    0.0000
    0.0000
         0
         0
  124.0332

  -1.0000e+09

    4.0698

End of this iteration
x-value
    2.9757
    1.8752
    3.0544
    0.9912
    4.4702
         0
         0
         0
         0
         0
    0.0000
         0
         0
    0.0000
         0
    0.0000
    0.0000
         0
         0
    0.0000
    0.0000
         0
         0
         0
    0.0000
         0
    0.0000
         0
         0
    0.0000
    0.0000
         0
    1.4393
         0
    0.0000
    0.0000
  121.6591

  -1.0000e+09

    4.0403

End of this iteration
x-value
    2.0883
    2.6810
    2.2024
    1.9347
    2.9597
    1.7174
         0
    0.0000
    0.0000
    0.1830
         0
         0
         0
    0.0000
         0
    0.0000
         0
    0.0000
    0.0000
         0
         0
    0.0000
    0.0000
         0
         0
    0.0000
         0
         0
         0
         0
         0
    0.0000
         0
         0
         0
    0.0000
   56.4454

  -1.0000e+09

    3.5117

End of this iteration
x-value
    3.0427
    1.7883
    3.1606
    0.8951
    4.5094
         0
    0.0000
         0
    0.0000
         0
         0
         0
    0.0000
    0.0000
    0.0000
    0.0000
         0
    0.0000
    0.0000
    0.0000
         0
    0.0000
    0.0000
         0
    0.0000
    0.0000
         0
    0.0000
    0.0000
    0.0000
    0.0000
         0
    0.0000
         0
         0
         0
  124.0332

  -1.0000e+09

    4.0698

End of this iteration
x-value
    3.4387
    1.5062
    3.2646
    0.4885
    4.3576
    0.2814
    0.0000
         0
    0.0000
    0.9173
         0
         0
         0
    0.0000
         0
         0
    0.0000
         0
    0.0000
    0.0347
         0
    0.4743
    0.0000
    0.0000
    0.0000
         0
         0
    0.0000
    0.0000
    0.0000
    0.0000
    0.0000
    3.2164
    2.0302
    0.0000
         0
  116.4576

  -1.0000e+09

    4.3278

End of this iteration
x-value
    2.4945
    2.2028
    2.8035
    1.2503
    4.1175
    0.3756
         0
    0.0000
         0
         0
         0
    0.0000
    0.0000
         0
         0
    0.0000
    0.0000
         0
         0
    0.0000
    0.0000
    0.0000
         0
         0
         0
         0
    0.0000
    0.0000
         0
         0
    0.0000
         0
         0
         0
    0.0000
         0
  107.5940

  -1.0000e+09

    3.7116

End of this iteration
x-value
    3.0427
    1.7883
    3.1606
    0.8951
    4.5094
    0.0000
    0.0000
    0.0000
         0
         0
    0.0000
    0.0000
    0.0000
         0
         0
    0.0000
    0.0000
    0.0000
    0.0000
         0
    0.0000
    0.0000
    0.0000
    0.0000
    0.0000
         0
    0.0000
         0
    0.0000
    0.0000
   -0.0000
         0
         0
    0.0000
    0.0000
    0.0000
  124.0332

  -1.0000e+09

    4.0698

End of this iteration
x-value
    3.0427
    1.7883
    3.1606
    0.8951
    4.5094
         0
    0.0000
    0.0000
    0.0000
         0
    0.0000
         0
    0.0000
         0
    0.0000
         0
         0
    0.0000
         0
    0.0000
    0.0000
    0.0000
    0.0000
         0
         0
         0
    0.0000
    0.0000
         0
    0.0000
         0
    0.0000
         0
    0.0000
         0
    0.0000
  124.0332

  -1.0000e+09

    4.0698

End of this iteration
x-value
    3.2258
    1.6272
    3.2523
    0.8461
    4.5273
         0
         0
    0.0000
    0.0000
    0.0000
    0.0000
    0.0000
         0
    0.0000
    0.0000
    0.0000
         0
         0
         0
    0.0000
         0
         0
         0
         0
         0
         0
         0
         0
    0.0000
    0.0000
         0
         0
    1.4393
         0
    0.0000
    0.0000
  124.8766

  -1.0000e+09

    4.1761

End of this iteration
x-value
    2.8110
    1.9925
    2.9572
    1.1046
    4.3016
    0.2150
         0
    0.0000
    0.0000
    0.0000
    0.0000
    0.0000
         0
    0.0000
         0
         0
         0
    0.0000
    0.0000
    0.0000
         0
    0.0000
         0
         0
    0.0000
    0.0000
         0
         0
    0.0000
         0
    0.0000
         0
    1.3949
    1.2461
    0.0000
         0
  115.1424

  -1.0000e+09

    3.9298

End of this iteration
x-value
    3.0736
    1.7449
    3.2260
    0.7790
    4.7014
         0
    0.0000
    0.0000
    0.0000
         0
         0
    0.0000
    0.0000
    0.0000
    0.0000
         0
         0
    0.0000
         0
    0.0000
    0.0000
         0
         0
         0
         0
         0
         0
         0
    0.0000
    0.0000
    0.0000
    0.0000
    0.0000
    0.0000
         0
         0
  132.9673

  -1.0000e+09

    4.0826

End of this iteration
x-value
    2.5571
    2.1231
    2.9208
    1.0341
    4.4574
         0
    0.0000
         0
    0.0000
    0.0000
   -0.0000
    0.0000
    0.0000
    0.0000
         0
    0.0000
    0.0000
    0.0000
         0
         0
    0.0000
         0
         0
         0
         0
    0.0000
    0.0000
    0.0000
    0.0000
    0.0000
    0.0000
    0.0000
    0.0000
         0
    0.0000
    0.0000
  121.4727

  -1.0000e+09

    3.7408

End of this iteration
x-value
    3.0427
    1.7883
    3.1606
    0.8951
    4.5094
    0.0000
    0.0000
         0
         0
         0
         0
    0.0000
         0
         0
    0.0000
    0.0000
    0.0000
         0
    0.0000
         0
    0.0000
         0
    0.0000
    0.0000
    0.0000
    0.0000
         0
    0.0000
         0
         0
    0.0000
    0.0000
    0.0000
    0.0000
    0.0000
         0
  124.0332

  -1.0000e+09

    4.0698

End of this iteration
x-value
    3.0427
    1.7883
    3.1606
    0.8951
    4.5094
         0
    0.0000
    0.0000
    0.0000
         0
   -0.0000
    0.0000
   -0.0000
    0.0000
    0.0000
    0.0000
         0
         0
         0
    0.0000
         0
         0
    0.0000
    0.0000
         0
         0
         0
    0.0000
         0
         0
    0.0000
    0.0000
         0
    0.0000
         0
    0.0000
  124.0332

  -1.0000e+09

    4.0698

End of this iteration
x-value
    2.6389
    2.3272
    2.4454
    1.8212
    3.1295
    1.6994
         0
    0.0000
         0
         0
         0
         0
    0.0000
    0.0000
         0
    0.0000
         0
         0
    0.0000
    0.0000
    0.0000
    0.0000
    0.0000
    0.0000
    0.0000
         0
    0.0000
    0.0000
         0
    0.0000
         0
         0
         0
         0
    0.0000
    0.0000
   69.8704

  -1.0000e+09

    3.8958

End of this iteration
x-value
    3.1065
    1.7016
    3.2799
    0.7347
    4.5502
    0.0000
    0.0000
    0.0000
         0
         0
    0.0000
    0.0000
    0.0000
    0.0000
         0
         0
    0.0000
   -0.0000
    0.0000
         0
    0.0000
    0.0000
    0.0000
         0
         0
    0.0000
         0
         0
    0.0000
         0
    0.0000
    0.0000
    0.0000
         0
         0
         0
  127.5736

  -1.0000e+09

    4.0969

End of this iteration
x-value
    0.1403
    3.7682
    1.9689
    1.4764
    4.3021
         0
         0
    0.0000
         0
    0.0000
         0
         0
         0
    0.0000
         0
    0.0000
         0
         0
    0.0000
         0
    0.0000
    0.0000
    0.0000
    0.0000
         0
    0.0000
    0.0000
         0
         0
         0
         0
         0
    1.4393
    0.0000
         0
         0
  115.1725

  -1.0000e+09

    2.6697

End of this iteration
x-value
    3.0427
    1.7883
    3.1606
    0.8951
    4.5094
    0.0000
   -0.0000
         0
    0.0000
    0.0000
         0
    0.0000
    0.0000
         0
         0
         0
         0
    0.0000
         0
         0
    0.0000
    0.0000
         0
         0
    0.0000
         0
    0.0000
         0
         0
         0
    0.0000
         0
    0.0000
    0.0000
    0.0000
    0.0000
  124.0332

  -1.0000e+09

    4.0698

End of this iteration
x-value
    1.8905
    2.6455
    2.5805
    1.2124
    4.3925
    0.0000
         0
         0
    0.0000
    0.0000
    0.0000
    0.0000
         0
    0.0000
    0.0000
    0.0000
         0
         0
         0
    0.0000
    0.0000
    0.0000
         0
    0.0000
         0
    0.0000
    0.0000
    0.0000
    0.0000
         0
         0
    0.0000
    0.0000
         0
         0
    0.0000
  118.5146

  -1.0000e+09

    3.3205

End of this iteration
x-value
    2.8242
    2.1445
    2.6450
    1.3183
    3.3836
    1.4462
    0.0000
         0
    0.0000
    0.5566
    0.0000
    0.0000
    0.0000
    0.0000
         0
         0
         0
         0
    0.0000
    0.0000
         0
    0.0000
    0.0000
         0
         0
         0
         0
         0
    0.0000
         0
         0
    0.0000
    0.6043
         0
         0
    0.0000
   64.6703

  -1.0000e+09

    4.0003

End of this iteration
x-value
    2.5571
    2.1231
    2.9208
    1.0341
    4.4574
         0
         0
         0
    0.0000
   -0.0000
    0.0000
   -0.0000
   -0.0000
    0.0000
         0
    0.0000
    0.0000
         0
    0.0000
    0.0000
   -0.0000
    0.0000
    0.0000
         0
   -0.0000
    0.0000
    0.0000
    0.0000
         0
    0.0000
    0.0000
    0.0000
         0
    0.0000
    0.0000
    0.0000
  121.4727

  -1.0000e+09

    3.7408

End of this iteration
x-value
    3.0427
    1.7883
    3.1606
    0.8951
    4.5094
   -0.0000
         0
         0
         0
         0
         0
         0
    0.0000
    0.0000
    0.0000
    0.0000
    0.0000
    0.0000
    0.0000
    0.0000
    0.0000
    0.0000
         0
    0.0000
         0
         0
    0.0000
    0.0000
         0
    0.0000
         0
    0.0000
         0
         0
         0
    0.0000
  124.0332

  -1.0000e+09

    4.0698

End of this iteration
x-value
    3.0340
    1.8000
    3.1452
    0.9150
    4.4824
         0
    0.0000
    0.0000
    0.0000
    0.0000
         0
         0
    0.0000
         0
    0.0000
    0.0000
    0.0000
         0
         0
    0.0000
    0.0000
         0
         0
   -0.0000
    0.0000
    0.0000
         0
         0
    0.0000
    0.0000
    0.0000
    0.0000
    0.0000
         0
    0.0000
   -0.0000
  122.7661

  -1.0000e+09

    4.0660

End of this iteration
x-value
    3.0570
    1.7597
    3.2304
    0.6917
    4.6007
    0.0000
    0.0000
    0.0000
         0
    0.0000
    0.0000
         0
   -0.0000
    0.0000
    0.0000
    0.0000
         0
         0
         0
         0
   -0.0000
         0
         0
    0.0000
    0.0000
    0.0000
    0.0000
         0
         0
         0
         0
         0
    0.0000
    0.0000
    0.0000
         0
  130.7490

  -1.0000e+09

    4.0737

End of this iteration
x-value
    3.0427
    1.7883
    3.1606
    0.8951
    4.5094
         0
    0.0000
    0.0000
    0.0000
    0.0000
    0.0000
    0.0000
    0.0000
         0
    0.0000
         0
    0.0000
    0.0000
         0
   -0.0000
    0.0000
    0.0000
         0
   -0.0000
         0
         0
         0
         0
         0
    0.0000
    0.0000
         0
    0.0000
         0
         0
    0.0000
  124.0332

  -1.0000e+09

    4.0698

End of this iteration
x-value
    3.0427
    1.7883
    3.1606
    0.8951
    4.5094
         0
         0
         0
         0
         0
         0
    0.0000
    0.0000
         0
    0.0000
         0
         0
    0.0000
    0.0000
    0.0000
    0.0000
    0.0000
   -0.0000
    0.0000
         0
    0.0000
    0.0000
         0
    0.0000
         0
         0
         0
    0.0000
    0.0000
    0.0000
    0.0000
  124.0332

  -1.0000e+09

    4.0698

End of this iteration
x-value
    3.0427
    1.7883
    3.1606
    0.8951
    4.5094
    0.0000
    0.0000
         0
    0.0000
    0.0000
         0
    0.0000
         0
    0.0000
    0.0000
         0
         0
         0
         0
         0
    0.0000
    0.0000
    0.0000
         0
    0.0000
    0.0000
         0
         0
    0.0000
    0.0000
         0
    0.0000
    0.0000
    0.0000
    0.0000
    0.0000
  124.0332

  -1.0000e+09

    4.0698

End of this iteration
x-value
    2.3688
    2.2929
    2.8034
    1.1013
    4.4324
    0.0000
    0.0000
         0
    0.0000
    0.0000
    0.0000
    0.0000
    0.0000
         0
    0.0000
    0.0000
         0
         0
    0.0000
    0.0000
         0
    0.0000
    0.0000
    0.0000
    0.0000
    0.0000
         0
    0.0000
   -0.0000
    0.0000
    0.0000
         0
    0.0000
    0.0000
    0.0000
    0.0000
  120.2520

  -1.0000e+09

    3.6320

End of this iteration
x-value
    3.0325
    1.7649
    3.1360
    0.0587
    4.1615
    0.9975
    0.0000
         0
    0.2368
    1.5554
    0.0000
    0.0000
    0.0000
         0
         0
    0.1005
         0
         0
         0
    0.0231
    0.6739
    0.3622
    0.0000
    0.0000
         0
    0.0000
    0.0000
    0.0000
    0.1236
         0
    0.0170
         0
    1.0928
    0.8476
         0
         0
   64.4756

  -1.0000e+09

    4.0555

End of this iteration
x-value
    3.0427
    1.7883
    3.1606
    0.8951
    4.5094
         0
         0
    0.0000
    0.0000
    0.0000
         0
    0.0000
         0
    0.0000
         0
    0.0000
    0.0000
         0
         0
    0.0000
    0.0000
         0
    0.0000
    0.0000
    0.0000
    0.0000
    0.0000
    0.0000
    0.0000
    0.0000
         0
    0.0000
         0
         0
    0.0000
    0.0000
  124.0332

  -1.0000e+09

    4.0698

End of this iteration
x-value
    3.0523
    1.7758
    3.1760
    0.8852
    4.5131
    0.0000
         0
    0.0000
    0.0000
         0
    0.0000
         0
    0.0000
         0
         0
    0.0000
         0
    0.0000
         0
    0.0000
    0.0000
    0.0000
    0.0000
    0.0000
    0.0000
   -0.0000
    0.0000
    0.0000
    0.0000
         0
         0
    0.0000
    0.0000
    0.0000
    0.0000
         0
  124.2285

  -1.0000e+09

    4.0739

End of this iteration
x-value
    2.8104
    2.0949
    2.6905
    1.3036
    3.1080
    1.7101
    0.0000
    0.0000
         0
    0.8534
         0
    0.0000
    0.0000
         0
    0.1711
    0.0000
    0.0000
    0.0000
    0.0000
    0.0000
    0.1847
    0.0637
         0
         0
         0
    0.0934
    0.3519
    0.5913
    0.1619
         0
         0
    0.0633
    0.1606
         0
    0.0000
    0.0000
   41.8389

  -1.0000e+09

    3.9658

End of this iteration
x-value
    3.3047
    1.5270
    3.3639
    0.7341
    4.5735
         0
         0
         0
    0.0000
         0
    0.0000
         0
    0.0000
         0
         0
         0
    0.0000
         0
    0.0000
         0
         0
    0.0000
    0.0000
    0.0000
    0.0000
    0.0000
         0
    0.0000
    0.0000
    0.0000
    0.0000
   -0.0000
    0.0000
         0
    0.0000
    0.0000
  127.7781

  -1.0000e+09

    4.2110

End of this iteration
x-value
    1.4934
    2.9820
    2.3641
    1.3093
    4.3590
         0
    0.0000
    0.0000
         0
   -0.0000
         0
         0
    0.0000
         0
    0.0000
    0.0000
         0
    0.0000
    0.0000
    0.0000
    0.0000
    0.0000
         0
    0.0000
    0.0000
         0
    0.0000
    0.0000
         0
    0.0000
    0.0000
    0.0000
         0
         0
         0
         0
  117.2391

  -1.0000e+09

    3.0821

End of this iteration
x-value
    2.5571
    2.1231
    2.9208
    1.0341
    4.4574
         0
         0
         0
         0
    0.0000
    0.0000
    0.0000
    0.0000
    0.0000
         0
         0
    0.0000
         0
    0.0000
    0.0000
    0.0000
         0
         0
         0
    0.0000
    0.0000
         0
    0.0000
    0.0000
    0.0000
    0.0000
         0
         0
         0
         0
    0.0000
  121.4727

  -1.0000e+09

    3.7408

End of this iteration
x-value
    3.0427
    1.7883
    3.1606
    0.8951
    4.5094
    0.0000
         0
         0
    0.0000
    0.0000
    0.0000
         0
    0.0000
    0.0000
    0.0000
         0
    0.0000
    0.0000
         0
         0
         0
         0
    0.0000
         0
         0
    0.0000
    0.0000
   -0.0000
    0.0000
    0.0000
         0
         0
         0
    0.0000
    0.0000
    0.0000
  124.0332

  -1.0000e+09

    4.0698

End of this iteration
x-value
    3.0427
    1.7883
    3.1606
    0.8951
    4.5094
    0.0000
    0.0000
    0.0000
         0
         0
         0
    0.0000
         0
         0
    0.0000
    0.0000
    0.0000
    0.0000
    0.0000
    0.0000
         0
    0.0000
    0.0000
    0.0000
    0.0000
    0.0000
    0.0000
    0.0000
         0
    0.0000
    0.0000
    0.0000
         0
         0
         0
         0
  124.0332

  -1.0000e+09

    4.0698

End of this iteration
x-value
    3.0427
    1.7883
    3.1606
    0.8951
    4.5094
         0
         0
         0
    0.0000
         0
    0.0000
    0.0000
    0.0000
    0.0000
    0.0000
         0
         0
    0.0000
         0
    0.0000
    0.0000
         0
    0.0000
         0
         0
    0.0000
         0
         0
    0.0000
    0.0000
    0.0000
    0.0000
    0.0000
         0
    0.0000
         0
  124.0332

  -1.0000e+09

    4.0698

End of this iteration
x-value
    2.5571
    2.1231
    2.9208
    1.0341
    4.4574
    0.0000
         0
    0.0000
    0.0000
    0.0000
    0.0000
    0.0000
    0.0000
    0.0000
         0
    0.0000
         0
    0.0000
    0.0000
         0
    0.0000
    0.0000
         0
    0.0000
         0
    0.0000
    0.0000
         0
    0.0000
    0.0000
   -0.0000
         0
         0
    0.0000
         0
         0
  121.4727

  -1.0000e+09

    3.7408

End of this iteration
x-value
    3.0427
    1.7883
    3.1606
    0.8951
    4.5094
    0.0000
         0
    0.0000
         0
         0
         0
         0
         0
         0
    0.0000
    0.0000
    0.0000
         0
    0.0000
    0.0000
    0.0000
    0.0000
         0
         0
   -0.0000
         0
    0.0000
    0.0000
         0
    0.0000
         0
    0.0000
    0.0000
    0.0000
         0
    0.0000
  124.0332

  -1.0000e+09

    4.0698

End of this iteration
x-value
    3.0658
    1.7487
    3.2424
    0.6867
    4.6024
         0
    0.0000
         0
    0.0000
         0
         0
    0.0000
    0.0000
    0.0000
    0.0000
    0.0000
    0.0000
         0
         0
         0
    0.0000
    0.0000
         0
    0.0000
         0
    0.0000
    0.0000
    0.0000
    0.0000
         0
         0
    0.0000
    1.3897
    1.3897
         0
    0.0000
  130.7976

  -1.0000e+09

    4.0777

End of this iteration
x-value
    3.0427
    1.7883
    3.1606
    0.8951
    4.5094
         0
    0.0000
    0.0000
    0.0000
    0.0000
    0.0000
    0.0000
    0.0000
    0.0000
         0
    0.0000
    0.0000
    0.0000
         0
   -0.0000
         0
    0.0000
         0
         0
    0.0000
    0.0000
   -0.0000
    0.0000
    0.0000
         0
    0.0000
    0.0000
    0.0000
    0.0000
    0.0000
   -0.0000
  124.0332

  -1.0000e+09

    4.0698

End of this iteration
x-value
    3.0427
    1.7883
    3.1606
    0.8951
    4.5094
         0
         0
         0
    0.0000
    0.0000
    0.0000
         0
    0.0000
         0
    0.0000
    0.0000
         0
         0
    0.0000
    0.0000
    0.0000
    0.0000
         0
         0
         0
         0
         0
    0.0000
         0
    0.0000
    0.0000
    0.0000
         0
    0.0000
         0
    0.0000
  124.0332

  -1.0000e+09

    4.0698

End of this iteration
x-value
    3.0427
    1.7883
    3.1606
    0.8951
    4.5094
    0.0000
         0
         0
         0
    0.0000
    0.0000
    0.0000
    0.0000
         0
         0
    0.0000
         0
    0.0000
         0
    0.0000
   -0.0000
         0
    0.0000
    0.0000
         0
         0
         0
         0
         0
         0
         0
    0.0000
         0
         0
    0.0000
         0
  124.0332

  -1.0000e+09

    4.0698

End of this iteration
x-value
    2.5806
    2.1530
    2.8278
    1.2524
    4.0686
    0.5191
    0.0000
    0.0000
         0
         0
    0.0000
    0.0000
         0
         0
    0.0000
    0.0000
    0.0000
         0
         0
    0.0000
         0
         0
    0.0000
         0
         0
    0.0000
         0
         0
    0.0000
    0.0000
    0.0000
         0
    0.0288
         0
         0
         0
  106.2992

  -1.0000e+09

    3.7736

End of this iteration
x-value
    3.0427
    1.7883
    3.1606
    0.8951
    4.5094
    0.0000
         0
    0.0000
    0.0000
         0
         0
    0.0000
    0.0000
         0
    0.0000
         0
    0.0000
         0
    0.0000
    0.0000
    0.0000
    0.0000
         0
         0
    0.0000
         0
         0
         0
    0.0000
         0
    0.0000
         0
    0.0000
         0
    0.0000
    0.0000
  124.0332

  -1.0000e+09

    4.0698

End of this iteration
x-value
    2.8446
    2.0396
    2.8725
    1.0791
    4.4393
         0
   -0.0000
    0.0000
         0
         0
    0.0000
    0.0000
         0
    0.0000
    0.0000
    0.0000
         0
         0
         0
         0
    0.0000
    0.0000
   -0.0000
    0.0000
    0.0000
         0
         0
    0.0000
    0.0000
    0.0000
    0.0000
    0.0000
    0.0000
         0
         0
    0.0000
  120.4220

  -1.0000e+09

    3.9814

End of this iteration
x-value
    1.8329
    2.7204
    2.4654
    1.4315
    4.0351
    0.4107
         0
    0.0000
         0
    0.0000
         0
    0.0000
    0.0000
    0.0000
         0
         0
         0
    0.0000
    0.0000
    0.0000
         0
         0
    0.0000
         0
         0
         0
         0
    0.0000
    0.0000
         0
    0.0000
         0
    1.4393
         0
         0
         0
  104.0920

  -1.0000e+09

    3.2939

End of this iteration
x-value
    2.5571
    2.1231
    2.9208
    1.0341
    4.4574
   -0.0000
         0
         0
         0
         0
    0.0000
         0
         0
    0.0000
    0.0000
    0.0000
    0.0000
    0.0000
    0.0000
    0.0000
    0.0000
    0.0000
    0.0000
    0.0000
    0.0000
    0.0000
         0
    0.0000
         0
    0.0000
         0
         0
    0.0000
    0.0000
    0.0000
    0.0000
  121.4727

  -1.0000e+09

    3.7408

End of this iteration
x-value
    0.0000
    3.8488
    1.7807
    1.8339
    3.7302
    0.7383
    0.0000
         0
         0
    0.0000
    0.0000
    0.0000
         0
         0
         0
    0.0000
         0
    0.0000
    0.0000
         0
    0.0000
         0
         0
    0.0000
         0
    0.0000
    0.0000
         0
    0.0000
    0.0000
    0.0000
         0
    1.4393
         0
    0.0000
    0.0000
   92.4798

  -1.0000e+09

    2.7807

End of this iteration
x-value
    3.0427
    1.7883
    3.1606
    0.8951
    4.5094
    0.0000
         0
         0
    0.0000
         0
    0.0000
         0
         0
         0
    0.0000
         0
         0
         0
         0
         0
         0
    0.0000
         0
         0
    0.0000
         0
    0.0000
    0.0000
    0.0000
         0
    0.0000
    0.0000
    0.0000
         0
         0
   -0.0000
  124.0332

  -1.0000e+09

    4.0698

End of this iteration
x-value
    3.0427
    1.7883
    3.1606
    0.8951
    4.5094
    0.0000
    0.0000
    0.0000
    0.0000
         0
         0
         0
    0.0000
    0.0000
    0.0000
    0.0000
         0
         0
         0
         0
    0.0000
         0
    0.0000
    0.0000
   -0.0000
    0.0000
         0
         0
    0.0000
         0
         0
    0.0000
         0
    0.0000
         0
         0
  124.0332

  -1.0000e+09

    4.0698

End of this iteration
x-value
    0.1547
    3.7594
    1.9732
    1.4745
    4.3029
    0.0000
    0.0000
         0
    0.0000
    0.0000
    0.0000
         0
    0.0000
         0
    0.0000
    0.0000
         0
    0.0000
    0.0000
         0
    0.0000
         0
    0.0000
         0
         0
         0
         0
   -0.0000
         0
    0.0000
         0
         0
         0
    0.0000
    0.0000
         0
  115.2052

  -1.0000e+09

    2.6595

End of this iteration
x-value
    2.5571
    2.1231
    2.9208
    1.0341
    4.4574
         0
         0
    0.0000
    0.0000
    0.0000
         0
         0
    0.0000
         0
    0.0000
    0.0000
    0.0000
         0
    0.0000
         0
    0.0000
    0.0000
    0.0000
    0.0000
    0.0000
    0.0000
         0
    0.0000
         0
         0
   -0.0000
         0
         0
         0
         0
   -0.0000
  121.4727

  -1.0000e+09

    3.7408

End of this iteration
x-value
    3.0658
    1.7487
    3.2424
    0.6867
    4.6024
         0
         0
         0
         0
         0
    0.0000
    0.0000
    0.0000
    0.0000
    0.0000
         0
    0.0000
         0
    0.0000
         0
         0
         0
    0.0000
    0.0000
         0
    0.0000
         0
         0
         0
         0
    0.0000
         0
    1.4393
         0
         0
         0
  130.7989

  -1.0000e+09

    4.0777

End of this iteration
x-value
    3.0427
    1.7883
    3.1606
    0.8951
    4.5094
    0.0000
    0.0000
         0
    0.0000
    0.0000
         0
         0
    0.0000
         0
         0
    0.0000
    0.0000
         0
         0
    0.0000
         0
         0
    0.0000
    0.0000
    0.0000
         0
         0
    0.0000
         0
         0
         0
   -0.0000
         0
    0.0000
    0.0000
         0
  124.0332

  -1.0000e+09

    4.0698

End of this iteration
x-value
    2.3585
    2.2456
    2.8465
    1.0752
    4.4423
         0
    0.0000
    0.0000
    0.0000
         0
    0.0000
    0.0000
    0.0000
         0
    0.0000
         0
         0
    0.0000
    0.0000
         0
    0.0000
         0
    0.0000
         0
         0
    0.0000
         0
    0.0000
         0
    0.0000
    0.0000
         0
         0
    0.0000
         0
         0
  120.7452

  -1.0000e+09

    3.6004

End of this iteration
x-value
    3.0702
    1.7518
    3.2082
    0.8413
    4.5098
         0
         0
         0
         0
         0
         0
         0
    0.0000
         0
         0
         0
    0.0000
         0
         0
         0
    0.0000
    0.0000
    0.0000
         0
         0
         0
         0
         0
    0.0000
         0
    0.0000
    0.0000
    0.0000
         0
         0
         0
   75.6420

  -1.0000e+09

    4.0817

End of this iteration
x-value
    3.0427
    1.7883
    3.1606
    0.8951
    4.5094
    0.0000
    0.0000
         0
         0
         0
    0.0000
         0
         0
    0.0000
    0.0000
    0.0000
    0.0000
    0.0000
         0
         0
    0.0000
    0.0000
    0.0000
         0
   -0.0000
    0.0000
         0
    0.0000
    0.0000
    0.0000
    0.0000
    0.0000
    0.0000
    0.0000
         0
    0.0000
  124.0332

  -1.0000e+09

    4.0698

End of this iteration
x-value
    1.8905
    2.6455
    2.5805
    1.2124
    4.3925
    0.0000
         0
    0.0000
    0.0000
         0
         0
    0.0000
    0.0000
    0.0000
         0
    0.0000
    0.0000
         0
         0
         0
         0
   -0.0000
         0
    0.0000
         0
    0.0000
         0
         0
    0.0000
    0.0000
    0.0000
    0.0000
    0.0000
   -0.0000
    0.0000
    0.0000
  118.5146

  -1.0000e+09

    3.3212

End of this iteration
x-value
         0
    4.0243
    1.5295
    2.2385
    3.0422
    1.6501
         0
    0.0000
    0.0000
    0.0000
    0.0000
    0.0000
    0.0000
         0
         0
         0
    0.0000
         0
    0.0000
         0
         0
    0.0000
    0.0000
         0
    0.0000
    0.0000
    0.0000
    0.0000
    0.0000
    0.0000
         0
    0.0000
    1.4393
         0
         0
         0
   65.9905

  -1.0000e+09

    3.2610

End of this iteration
x-value
         0
    3.8535
    1.9286
    1.4931
    4.2965
         0
         0
         0
    0.0000
         0
    0.0000
         0
    0.0000
    0.0000
         0
         0
         0
         0
    0.0000
    0.0000
         0
         0
    0.0000
    0.0000
    0.0000
         0
    0.0000
    0.0000
    0.0000
         0
    0.0000
    0.0000
    1.3934
    1.2860
         0
         0
  114.9691

  -1.0000e+09

    2.7687

End of this iteration
x-value
    2.8446
    2.0396
    2.8725
    1.0791
    4.4393
    0.0000
    0.0000
    0.0000
         0
         0
    0.0000
    0.0000
    0.0000
    0.0000
    0.0000
    0.0000
   -0.0000
    0.0000
         0
         0
         0
    0.0000
   -0.0000
    0.0000
   -0.0000
    0.0000
         0
    0.0000
         0
         0
         0
         0
    0.0000
    0.0000
    0.0000
    0.0000
  120.4220

  -1.0000e+09

    3.9814

End of this iteration
x-value
    3.0427
    1.7883
    3.1606
    0.8951
    4.5094
         0
         0
         0
         0
    0.0000
    0.0000
         0
         0
    0.0000
         0
    0.0000
         0
         0
         0
    0.0000
         0
    0.0000
         0
         0
         0
         0
         0
    0.0000
         0
    0.0000
         0
         0
         0
         0
    0.0000
         0
  124.0332

  -1.0000e+09

    4.0698

End of this iteration
x-value
    1.8905
    2.6455
    2.5805
    1.2124
    4.3925
    0.0000
    0.0000
    0.0000
         0
   -0.0000
    0.0000
    0.0000
         0
    0.0000
    0.0000
    0.0000
    0.0000
    0.0000
    0.0000
    0.0000
         0
         0
    0.0000
    0.0000
         0
   -0.0000
         0
    0.0000
    0.0000
    0.0000
    0.0000
    0.0000
    0.0000
    0.0000
         0
    0.0000
  283.6892

  -1.0000e+09

    3.3211

End of this iteration
x-value
    3.0427
    1.7883
    3.1606
    0.8951
    4.5094
         0
    0.0000
    0.0000
    0.0000
    0.0000
         0
         0
         0
    0.0000
    0.0000
    0.0000
    0.0000
    0.0000
    0.0000
    0.0000
         0
    0.0000
    0.0000
    0.0000
    0.0000
    0.0000
         0
         0
         0
         0
         0
    0.0000
    0.0000
         0
         0
   -0.0000
  124.0332

  -1.0000e+09

    4.0698

End of this iteration
x-value
    2.3642
    2.2406
    2.8499
    1.0732
    4.4430
         0
    0.0000
         0
         0
   -0.0000
    0.0000
    0.0000
    0.0000
         0
    0.0000
         0
         0
         0
         0
    0.0000
    0.0000
         0
         0
         0
         0
    0.0000
         0
    0.0000
    0.0000
    0.0000
   -0.0000
         0
    0.0000
    0.0000
         0
         0
  120.7801

  -1.0000e+09

    3.6038

End of this iteration
x-value
    3.0427
    1.7883
    3.1606
    0.8951
    4.5094
         0
         0
    0.0000
         0
    0.0000
    0.0000
    0.0000
    0.0000
    0.0000
         0
    0.0000
    0.0000
         0
    0.0000
    0.0000
    0.0000
    0.0000
    0.0000
         0
         0
    0.0000
         0
         0
         0
   -0.0000
         0
    0.0000
    0.0000
         0
         0
         0
  124.0332

  -1.0000e+09

    4.0698

End of this iteration
x-value
    3.0427
    1.7883
    3.1606
    0.8951
    4.5094
         0
    0.0000
         0
    0.0000
    0.0000
    0.0000
    0.0000
    0.0000
         0
         0
         0
    0.0000
         0
    0.0000
    0.0000
    0.0000
         0
         0
         0
         0
    0.0000
         0
         0
         0
         0
    0.0000
    0.0000
         0
    0.0000
    0.0000
    0.0000
  124.0332

  -1.0000e+09

    4.0698

End of this iteration
x-value
    3.1475
    1.7333
    3.1090
    1.0943
    3.9645
    0.8739
         0
         0
         0
    0.0000
         0
    0.0000
         0
         0
    0.0000
    0.0000
   -0.0000
    0.0000
         0
         0
    0.0000
         0
    0.0000
         0
    0.0000
         0
    0.0000
         0
         0
    0.0000
         0
    0.0000
    0.0000
    0.0000
         0
         0
  104.9472

  -1.0000e+09

    4.1430

End of this iteration
x-value
    3.1475
    1.7333
    3.1090
    1.0943
    3.9645
    0.8739
    0.0000
         0
    0.0000
         0
         0
         0
    0.0000
         0
    0.0000
    0.0000
         0
    0.0000
         0
    0.0000
         0
         0
         0
    0.0000
    0.0000
         0
    0.0000
    0.0000
    0.0000
         0
    0.0000
         0
    0.0000
    0.0000
         0
    0.0000
  104.9472

  -1.0000e+09

    4.1430

End of this iteration
x-value
    2.4426
    2.2665
    2.7156
    1.3976
    3.8128
    0.9487
         0
    0.0000
         0
    0.0000
    0.0000
    0.0000
    0.0000
         0
         0
    0.0000
         0
    0.0000
         0
         0
         0
         0
         0
    0.0000
         0
         0
         0
    0.0000
         0
         0
         0
    0.0000
    1.3163
    0.1317
         0
    0.0000
   97.2144

  -1.0000e+09

    3.6867

End of this iteration
x-value
    3.1183
    1.7092
    3.2207
    0.7853
    4.6983
         0
   -0.0000
         0
         0
         0
    0.0000
    0.0000
    0.0000
    0.0000
    0.0000
    0.0000
    0.0000
    0.0000
   -0.0000
    0.0000
         0
         0
         0
         0
    0.0000
         0
    0.0000
    0.0000
         0
    0.0000
    0.0000
   -0.0000
         0
         0
         0
    0.0000
  132.7984

  -1.0000e+09

    4.1086

End of this iteration
x-value
    3.9278
    0.9979
    3.5540
    0.2241
    4.2970
    0.4988
         0
    0.0000
    0.0000
    1.1877
    0.0000
         0
    0.0000
    0.0000
    0.3897
    0.0000
    0.0000
    0.0000
    0.0000
    0.0093
    0.0000
    0.4466
    0.0432
         0
    0.0000
         0
    0.0000
    0.0000
         0
    0.0000
    0.0000
    0.0000
    2.4664
    1.3525
    0.0000
    0.0000
   77.7927

  -1.0000e+09

    4.5771

End of this iteration
x-value
    3.0427
    1.7883
    3.1606
    0.8951
    4.5094
    0.0000
    0.0000
    0.0000
         0
         0
    0.0000
         0
         0
    0.0000
         0
    0.0000
    0.0000
    0.0000
         0
    0.0000
    0.0000
         0
         0
         0
    0.0000
    0.0000
   -0.0000
    0.0000
         0
    0.0000
         0
         0
    0.0000
         0
    0.0000
         0
  124.0332

  -1.0000e+09

    4.0698

End of this iteration
x-value
         0
    3.8535
    1.9286
    1.4931
    4.2965
         0
    0.0000
         0
    0.0000
         0
         0
         0
    0.0000
    0.0000
    0.0000
         0
         0
    0.0000
         0
         0
         0
         0
         0
    0.0000
         0
         0
         0
    0.0000
    0.0000
         0
    0.0000
    0.0000
    0.0000
    0.0000
    0.0000
    0.0000
  114.9712

  -1.0000e+09

    2.7687

End of this iteration
x-value
    3.6758
    1.3651
    3.0516
    1.1343
    3.1451
    1.7209
    0.0000
         0
    0.0000
    0.9794
    0.0000
    0.0000
         0
         0
         0
    0.0000
    0.0000
    0.0000
    0.0000
    0.0000
         0
    0.1350
    0.0434
    0.0000
         0
    0.1266
    0.4624
    0.0000
    0.0989
    0.0000
    0.0153
         0
    0.0000
    0.5823
    0.0000
    0.0000
   41.0822

  -1.0000e+09

    4.4787

End of this iteration
x-value
    2.5571
    2.1231
    2.9208
    1.0341
    4.4574
    0.0000
    0.0000
    0.0000
    0.0000
         0
    0.0000
    0.0000
    0.0000
    0.0000
    0.0000
    0.0000
   -0.0000
    0.0000
         0
         0
         0
         0
    0.0000
    0.0000
    0.0000
         0
         0
         0
    0.0000
    0.0000
         0
         0
         0
    0.0000
         0
    0.0000
  121.4727

  -1.0000e+09

    3.7408

End of this iteration
x-value
    1.5769
    3.0372
    2.0198
    1.9002
    2.8915
    1.7686
    0.0000
         0
         0
    0.4540
         0
         0
    0.0000
         0
    0.0000
    0.0000
         0
    0.0000
         0
         0
         0
         0
         0
    0.0000
    0.0000
    0.0000
    0.0000
    0.0000
         0
         0
         0
    0.0000
    0.0406
         0
    0.0000
    0.0000
   45.9699

  -1.0000e+09

    3.2974

End of this iteration
x-value
    2.0422
    2.5783
    2.4639
    1.6824
    3.3847
    1.2604
         0
         0
    0.0000
    0.0000
         0
         0
    0.0000
    0.0000
         0
         0
    0.0000
    0.0000
         0
         0
         0
    0.0000
         0
    0.0000
    0.0000
         0
         0
         0
    0.0000
         0
         0
    0.0000
    1.4393
         0
         0
    0.0000
   79.4412

  -1.0000e+09

    3.4304

End of this iteration
x-value
    3.0427
    1.7883
    3.1606
    0.8951
    4.5094
    0.0000
    0.0000
    0.0000
         0
         0
    0.0000
         0
         0
         0
    0.0000
         0
    0.0000
    0.0000
    0.0000
    0.0000
    0.0000
         0
    0.0000
         0
         0
         0
    0.0000
    0.0000
    0.0000
         0
         0
    0.0000
    0.0000
    0.0000
    0.0000
         0
  124.0332

  -1.0000e+09

    4.0698

End of this iteration
x-value
    2.0990
    2.6686
    2.2175
    2.0103
    2.9803
    1.6955
         0
    0.0000
         0
    0.0018
         0
    0.0000
         0
    0.0000
         0
    0.0000
    0.0000
    0.0000
         0
    0.0000
    0.0000
    0.0000
         0
         0
    0.0000
         0
    0.0000
    0.0000
    0.0000
    0.0000
    0.0000
    0.0000
         0
         0
         0
    0.0000
   62.4490

  -1.0000e+09

    3.5170

End of this iteration
x-value
    3.0661
    1.7542
    3.2157
    0.7837
    4.7000
         0
         0
         0
    0.0000
    0.0000
         0
         0
    0.0000
    0.0000
    0.0000
         0
    0.0000
         0
   -0.0000
         0
    0.0000
    0.0000
    0.0000
    0.0000
    0.0000
    0.0000
    0.0000
         0
    0.0000
         0
    0.0000
         0
         0
         0
         0
         0
  132.9157

  -1.0000e+09

    4.0792

End of this iteration
x-value
         0
    3.8535
    1.9286
    1.4931
    4.2965
    0.0000
         0
    0.0000
    0.0000
    0.0000
         0
         0
    0.0000
         0
         0
    0.0000
         0
    0.0000
         0
         0
    0.0000
    0.0000
         0
         0
    0.0000
    0.0000
    0.0000
    0.0000
         0
         0
    0.0000
         0
         0
    0.0000
         0
   -0.0000
  114.9712

  -1.0000e+09

    2.7687

End of this iteration
x-value
    3.0427
    1.7883
    3.1606
    0.8951
    4.5094
    0.0000
    0.0000
    0.0000
    0.0000
    0.0000
    0.0000
    0.0000
    0.0000
         0
    0.0000
    0.0000
    0.0000
         0
    0.0000
    0.0000
         0
         0
         0
         0
    0.0000
         0
    0.0000
         0
         0
         0
    0.0000
    0.0000
    0.0000
    0.0000
         0
    0.0000
  124.0332

  -1.0000e+09

    4.0698

End of this iteration
x-value
    1.8905
    2.6455
    2.5805
    1.2124
    4.3925
         0
    0.0000
         0
    0.0000
    0.0000
         0
         0
    0.0000
         0
         0
    0.0000
         0
    0.0000
         0
         0
         0
   -0.0000
         0
         0
   -0.0000
         0
    0.0000
    0.0000
    0.0000
    0.0000
    0.0000
    0.0000
    0.0000
         0
    0.0000
    0.0000
  118.5146

  -1.0000e+09

    3.3205

End of this iteration
x-value
    0.0000
    3.8535
    1.9286
    1.4931
    4.2965
         0
    0.0000
         0
         0
         0
    0.0000
    0.0000
    0.0000
         0
    0.0000
    0.0000
         0
    0.0000
    0.0000
         0
    0.0000
    0.0000
    0.0000
    0.0000
    0.0000
    0.0000
    0.0000
         0
    0.0000
         0
    0.0000
    0.0000
    0.0000
    0.0000
    0.0000
    0.0000
  114.9712

  -1.0000e+09

    2.7687

End of this iteration
x-value
    3.0427
    1.7883
    3.1606
    0.8951
    4.5094
    0.0000
         0
    0.0000
    0.0000
         0
         0
    0.0000
         0
         0
    0.0000
         0
    0.0000
         0
    0.0000
    0.0000
    0.0000
    0.0000
    0.0000
    0.0000
    0.0000
    0.0000
   -0.0000
         0
    0.0000
    0.0000
         0
         0
    0.0000
         0
         0
         0
  124.0332

  -1.0000e+09

    4.0698

End of this iteration
x-value
    2.5571
    2.1231
    2.9208
    1.0341
    4.4574
    0.0000
         0
    0.0000
    0.0000
    0.0000
    0.0000
   -0.0000
    0.0000
         0
         0
    0.0000
    0.0000
    0.0000
    0.0000
         0
         0
    0.0000
         0
    0.0000
         0
   -0.0000
    0.0000
         0
    0.0000
    0.0000
   -0.0000
         0
    0.0000
         0
    0.0000
         0
  121.4727

  -1.0000e+09

    3.7408

End of this iteration
x-value
    3.0427
    1.7883
    3.1606
    0.8951
    4.5094
         0
    0.0000
    0.0000
         0
    0.0000
    0.0000
         0
         0
         0
         0
         0
    0.0000
         0
    0.0000
    0.0000
         0
    0.0000
         0
         0
    0.0000
         0
         0
   -0.0000
         0
         0
         0
    0.0000
    0.0000
         0
         0
         0
  124.0332

  -1.0000e+09

    4.0698

End of this iteration
x-value
    3.0427
    1.7883
    3.1606
    0.8951
    4.5094
    0.0000
    0.0000
    0.0000
    0.0000
         0
    0.0000
         0
         0
   -0.0000
         0
         0
         0
         0
         0
    0.0000
    0.0000
         0
         0
         0
    0.0000
         0
    0.0000
         0
         0
    0.0000
    0.0000
         0
    0.0000
         0
    0.0000
         0
  124.0332

  -1.0000e+09

    4.0698

End of this iteration
x-value
    3.0427
    1.7883
    3.1606
    0.8951
    4.5094
    0.0000
         0
         0
    0.0000
    0.0000
   -0.0000
         0
         0
    0.0000
         0
    0.0000
    0.0000
         0
    0.0000
    0.0000
    0.0000
         0
         0
    0.0000
         0
    0.0000
    0.0000
    0.0000
    0.0000
         0
    0.0000
    0.0000
    0.0000
    0.0000
         0
    0.0000
  124.0332

  -1.0000e+09

    4.0698

End of this iteration
x-value
    3.0427
    1.7883
    3.1606
    0.8951
    4.5094
    0.0000
    0.0000
    0.0000
         0
         0
    0.0000
    0.0000
    0.0000
    0.0000
         0
    0.0000
    0.0000
    0.0000
         0
         0
    0.0000
    0.0000
    0.0000
    0.0000
    0.0000
         0
    0.0000
    0.0000
    0.0000
    0.0000
         0
         0
    0.0000
    0.0000
         0
    0.0000
  124.0332

  -1.0000e+09

    4.0698

End of this iteration
x-value
    3.0427
    1.7883
    3.1606
    0.8951
    4.5094
         0
    0.0000
    0.0000
    0.0000
         0
    0.0000
    0.0000
    0.0000
    0.0000
    0.0000
         0
    0.0000
    0.0000
    0.0000
    0.0000
         0
    0.0000
    0.0000
   -0.0000
         0
   -0.0000
         0
    0.0000
    0.0000
         0
    0.0000
    0.0000
    0.0000
    0.0000
         0
         0
  124.0332

  -1.0000e+09

    4.0698

End of this iteration
x-value
    3.0427
    1.7883
    3.1606
    0.8951
    4.5094
    0.0000
         0
    0.0000
         0
    0.0000
    0.0000
         0
    0.0000
    0.0000
         0
         0
    0.0000
         0
         0
   -0.0000
    0.0000
         0
         0
    0.0000
         0
    0.0000
    0.0000
         0
         0
    0.0000
    0.0000
         0
    0.0000
    0.0000
    0.0000
         0
  124.0332

  -1.0000e+09

    4.0698

End of this iteration
x-value
    3.0427
    1.7883
    3.1606
    0.8951
    4.5094
    0.0000
   -0.0000
         0
         0
    0.0000
    0.0000
    0.0000
         0
    0.0000
    0.0000
    0.0000
   -0.0000
   -0.0000
    0.0000
    0.0000
         0
    0.0000
    0.0000
         0
    0.0000
         0
    0.0000
         0
    0.0000
    0.0000
         0
         0
         0
    0.0000
         0
    0.0000
  124.0332

  -1.0000e+09

    4.0698

End of this iteration
x-value
    0.0000
    3.8533
    1.9291
    1.4923
    4.2975
   -0.0000
    0.0000
    0.0000
         0
    0.0000
    0.0000
    0.0000
         0
    0.0000
    0.0000
    0.0000
    0.0000
    0.0000
    0.0000
         0
    0.0000
    0.0000
    0.0000
    0.0000
    0.0000
    0.0000
    0.0000
    0.0000
    0.0000
         0
         0
    0.0000
         0
         0
   -0.0000
    0.0000
  115.0219

  -1.0000e+09

    2.7687

End of this iteration
x-value
    3.0427
    1.7883
    3.1606
    0.8951
    4.5094
         0
    0.0000
    0.0000
    0.0000
    0.0000
         0
    0.0000
         0
         0
         0
         0
         0
    0.0000
         0
    0.0000
    0.0000
         0
    0.0000
    0.0000
         0
    0.0000
    0.0000
         0
    0.0000
         0
         0
         0
    0.0000
         0
         0
    0.0000
  124.0332

  -1.0000e+09

    4.0698

End of this iteration
x-value
    1.8905
    2.6455
    2.5805
    1.2124
    4.3925
    0.0000
         0
    0.0000
         0
         0
         0
         0
         0
    0.0000
    0.0000
    0.0000
    0.0000
         0
         0
         0
    0.0000
         0
         0
         0
   -0.0000
         0
         0
    0.0000
         0
    0.0000
         0
         0
         0
         0
    0.0000
    0.0000
  118.5146

  -1.0000e+09

    3.3205

End of this iteration
x-value
    2.5511
    2.1735
    2.8113
    1.2714
    4.0387
    0.5581
         0
    0.0000
    0.0000
         0
    0.0000
         0
    0.0000
         0
    0.0000
    0.0000
    0.0000
    0.0000
    0.0000
    0.0000
         0
         0
         0
         0
         0
         0
         0
    0.0000
         0
         0
         0
         0
    0.9328
         0
    0.0000
         0
  105.1654

  -1.0000e+09

    3.7536

End of this iteration
x-value
    2.9718
    1.8807
    3.0459
    1.0069
    4.4491
         0
         0
         0
    0.0000
         0
         0
         0
    0.0000
         0
    0.0000
         0
    0.0000
         0
    0.0000
         0
    0.0000
         0
    0.0000
    0.0000
    0.0000
         0
         0
    0.0000
    0.0000
         0
    0.0000
         0
    1.4004
    1.0918
    0.0000
         0
  120.6317

  -1.0000e+09

    4.0388

End of this iteration
x-value
    3.0427
    1.7883
    3.1606
    0.8951
    4.5094
         0
    0.0000
    0.0000
    0.0000
    0.0000
         0
         0
         0
    0.0000
   -0.0000
         0
         0
         0
   -0.0000
         0
    0.0000
         0
    0.0000
    0.0000
         0
    0.0000
    0.0000
    0.0000
         0
         0
         0
    0.0000
    0.0000
         0
    0.0000
         0
  124.0332

  -1.0000e+09

    4.0698

End of this iteration
x-value
    0.0000
    3.8064
    2.0160
    1.4486
    4.3124
    0.0000
    0.0000
         0
   -0.0000
         0
         0
         0
    0.0000
         0
    0.0000
    0.0000
    0.0000
    0.0000
         0
    0.0000
    0.0000
         0
    0.0000
    0.0000
    0.0000
         0
    0.0000
   -0.0000
    0.0000
         0
         0
         0
    0.0000
    0.0000
         0
         0
  115.6321

  -1.0000e+09

    2.7870

End of this iteration
x-value
    0.0000
    3.8466
    1.9438
    1.4708
    4.3061
    0.0000
    0.0000
         0
    0.0000
         0
         0
    0.0000
    0.0000
    0.0000
    0.0000
   -0.0000
         0
         0
    0.0000
         0
         0
    0.0000
    0.0000
    0.0000
         0
         0
    0.0000
         0
         0
    0.0000
         0
         0
    0.0000
    0.0000
         0
         0
  115.6235

  -1.0000e+09

    2.7712

End of this iteration
x-value
    3.0090
    1.8277
    3.1276
    0.8586
    4.6346
    0.0000
    0.0000
         0
         0
         0
         0
    0.0000
   -0.0000
    0.0000
         0
         0
    0.0000
    0.0000
    0.0000
    0.0000
    0.0000
    0.0000
   -0.0000
    0.0000
    0.0000
         0
    0.0000
         0
    0.0000
    0.0000
    0.0000
    0.0000
    0.0000
         0
    0.0000
         0
  129.7819

  -1.0000e+09

    4.0540

End of this iteration
x-value
    3.0630
    1.8105
    3.1107
    0.9293
    4.4961
    0.0000
    0.0000
    0.0000
         0
         0
         0
    0.0000
    0.0000
         0
   -0.0000
         0
         0
         0
         0
         0
         0
         0
    0.0000
    0.0000
         0
    0.0000
         0
         0
    0.0000
   -0.0000
         0
    0.0000
    0.0000
         0
    0.0000
         0
  123.3322

  -1.0000e+09

    4.0981

End of this iteration
x-value
    3.1197
    1.7357
    3.1986
    0.8730
    4.5176
    0.0000
    0.0000
         0
         0
         0
    0.0000
    0.0000
    0.0000
         0
         0
    0.0000
    0.0000
    0.0000
         0
    0.0000
    0.0000
         0
         0
    0.0000
         0
         0
         0
    0.0000
         0
    0.0000
    0.0000
         0
    0.0000
         0
         0
    0.0000
  124.4406

  -1.0000e+09

    4.1222

End of this iteration
x-value
    3.8240
    0.9771
    3.7688
    0.4293
    4.7345
    0.0000
         0
    0.0000
    0.0000
    0.0000
         0
         0
         0
         0
    0.0000
    0.0000
         0
    0.0000
         0
    0.0000
    0.0000
         0
         0
    0.0000
    0.0000
         0
    0.0000
         0
    0.0000
    0.0000
         0
    0.0000
         0
    0.0000
    0.0000
         0
  136.2169

  -1.0000e+09

    4.4744

End of this iteration
x-value
    2.5571
    2.1231
    2.9208
    1.0341
    4.4574
    0.0000
    0.0000
         0
    0.0000
    0.0000
         0
         0
    0.0000
    0.0000
    0.0000
    0.0000
         0
    0.0000
         0
    0.0000
         0
    0.0000
         0
    0.0000
    0.0000
         0
    0.0000
    0.0000
    0.0000
         0
    0.0000
    0.0000
    0.0000
         0
    0.0000
    0.0000
  121.4727

  -1.0000e+09

    3.7408

End of this iteration
x-value
    2.9424
    1.9824
    2.8593
    1.3434
    3.7322
    1.0389
         0
    0.0000
         0
         0
         0
    0.0000
    0.0000
    0.0000
         0
    0.0000
         0
    0.0000
         0
    0.0000
         0
    0.0000
    0.0000
         0
    0.0000
    0.0000
         0
    0.0000
    0.0000
         0
         0
         0
    1.4393
         0
         0
         0
   94.4932

  -1.0000e+09

    4.0494

End of this iteration
x-value
    0.2753
    4.3308
    0.3011
    2.8355
    2.2140
    2.5669
         0
    0.0000
    1.5034
         0
         0
    0.0000
         0
         0
    0.0000
    0.3793
         0
    0.0000
         0
    0.0776
    0.0000
    0.4086
    0.0399
    0.0000
         0
         0
    0.5975
    0.0000
    0.0078
         0
    0.0000
         0
    0.8621
    1.1629
    0.0000
    0.0000
   71.4154

  -1.0000e+09

    3.7938

End of this iteration
x-value
    2.5571
    2.1231
    2.9208
    1.0341
    4.4574
    0.0000
    0.0000
    0.0000
    0.0000
    0.0000
   -0.0000
    0.0000
         0
    0.0000
         0
         0
         0
         0
    0.0000
    0.0000
         0
    0.0000
    0.0000
         0
         0
         0
    0.0000
         0
    0.0000
         0
   -0.0000
         0
         0
         0
    0.0000
         0
  121.4727

  -1.0000e+09

    3.7408

End of this iteration
x-value
    0.0000
    3.8535
    1.9286
    1.4931
    4.2965
         0
         0
         0
    0.0000
         0
    0.0000
         0
    0.0000
         0
         0
    0.0000
         0
    0.0000
         0
    0.0000
    0.0000
    0.0000
    0.0000
         0
    0.0000
         0
         0
    0.0000
         0
         0
    0.0000
         0
    0.0000
    0.0000
    0.0000
    0.0000
  114.9712

  -1.0000e+09

    2.7687

End of this iteration
x-value
    3.0427
    1.7883
    3.1606
    0.8951
    4.5094
    0.0000
    0.0000
         0
         0
    0.0000
    0.0000
         0
         0
         0
         0
    0.0000
    0.0000
         0
    0.0000
         0
    0.0000
    0.0000
    0.0000
         0
    0.0000
    0.0000
    0.0000
         0
    0.0000
    0.0000
    0.0000
         0
         0
    0.0000
         0
    0.0000
  124.0332

  -1.0000e+09

    4.0698

End of this iteration
x-value
    3.0630
    1.8105
    3.1107
    0.9293
    4.4961
         0
    0.0000
         0
    0.0000
    0.0000
    0.0000
   -0.0000
    0.0000
    0.0000
    0.0000
    0.0000
         0
   -0.0000
         0
    0.0000
    0.0000
         0
         0
    0.0000
         0
         0
    0.0000
         0
         0
   -0.0000
         0
         0
         0
    0.0000
   -0.0000
    0.0000
  123.3322

  -1.0000e+09

    4.0981

End of this iteration
x-value
    3.5494
    1.5320
    2.8707
    1.7735
    2.8880
    2.2194
    0.0000
         0
    0.0000
    0.0000
    0.0000
    0.0000
    0.0000
         0
    0.4687
    0.3308
    0.0000
         0
         0
    0.0137
    0.0000
         0
    0.0214
         0
    0.0000
         0
    0.4890
    0.9047
         0
         0
         0
    0.0000
    0.6656
    0.0000
    0.0262
    0.0000
   76.3759

  -1.0000e+09

    4.4286

End of this iteration
x-value
    3.0427
    1.7883
    3.1606
    0.8951
    4.5094
    0.0000
         0
    0.0000
         0
    0.0000
    0.0000
    0.0000
    0.0000
    0.0000
    0.0000
    0.0000
         0
         0
         0
    0.0000
    0.0000
    0.0000
    0.0000
    0.0000
   -0.0000
    0.0000
    0.0000
    0.0000
         0
         0
    0.0000
         0
    0.0000
    0.0000
    0.0000
         0
  124.0332

  -1.0000e+09

    4.0698

End of this iteration
x-value
    3.0427
    1.7883
    3.1606
    0.8951
    4.5094
    0.0000
         0
    0.0000
         0
   -0.0000
    0.0000
    0.0000
    0.0000
    0.0000
    0.0000
    0.0000
    0.0000
         0
         0
    0.0000
         0
         0
         0
    0.0000
    0.0000
    0.0000
    0.0000
         0
    0.0000
    0.0000
         0
    0.0000
         0
         0
    0.0000
    0.0000
  124.0332

  -1.0000e+09

    4.0698

End of this iteration
x-value
    3.0427
    1.7883
    3.1606
    0.8951
    4.5094
         0
    0.0000
         0
         0
    0.0000
         0
         0
    0.0000
    0.0000
    0.0000
    0.0000
    0.0000
    0.0000
         0
    0.0000
    0.0000
         0
    0.0000
         0
         0
         0
    0.0000
    0.0000
         0
   -0.0000
         0
    0.0000
    0.0000
    0.0000
   -0.0000
    0.0000
  124.0332

  -1.0000e+09

    4.0698

End of this iteration
x-value
    2.9757
    1.8752
    3.0544
    0.9912
    4.4702
    0.0000
         0
    0.0000
         0
         0
         0
    0.0000
    0.0000
         0
    0.0000
    0.0000
    0.0000
         0
    0.0000
         0
    0.0000
    0.0000
    0.0000
    0.0000
         0
    0.0000
    0.0000
    0.0000
         0
    0.0000
         0
         0
    1.4405
         0
         0
    0.0000
  121.6591

  -1.0000e+09

    4.0403

End of this iteration
x-value
    0.0000
    3.8466
    1.9438
    1.4708
    4.3061
         0
    0.0000
         0
         0
    0.0000
    0.0000
    0.0000
   -0.0000
         0
    0.0000
         0
   -0.0000
         0
    0.0000
    0.0000
         0
    0.0000
         0
    0.0000
         0
         0
    0.0000
         0
    0.0000
    0.0000
   -0.0000
         0
    0.0000
   -0.0000
    0.0000
         0
  115.6235

  -1.0000e+09

    2.7525

End of this iteration
x-value
    3.3047
    1.5270
    3.3639
    0.7341
    4.5735
         0
         0
    0.0000
    0.0000
    0.0000
         0
         0
         0
         0
         0
    0.0000
    0.0000
    0.0000
         0
    0.0000
         0
    0.0000
         0
         0
         0
         0
    0.0000
         0
         0
   -0.0000
         0
    0.0000
         0
    0.0000
         0
    0.0000
  127.7781

  -1.0000e+09

    4.2110

End of this iteration
x-value
    3.0427
    1.7883
    3.1606
    0.8951
    4.5094
    0.0000
    0.0000
    0.0000
    0.0000
    0.0000
    0.0000
    0.0000
    0.0000
         0
    0.0000
         0
    0.0000
    0.0000
    0.0000
         0
         0
         0
         0
    0.0000
    0.0000
    0.0000
    0.0000
         0
         0
    0.0000
         0
    0.0000
    0.0000
    0.0000
   -0.0000
         0
  124.0332

  -1.0000e+09

    4.0698

End of this iteration
x-value
    3.0427
    1.7883
    3.1606
    0.8951
    4.5094
    0.0000
         0
         0
    0.0000
         0
    0.0000
    0.0000
    0.0000
         0
    0.0000
    0.0000
    0.0000
    0.0000
         0
         0
    0.0000
    0.0000
         0
         0
    0.0000
    0.0000
    0.0000
    0.0000
         0
         0
    0.0000
    0.0000
         0
         0
         0
    0.0000
  124.0332

  -1.0000e+09

    4.0698

End of this iteration
x-value
    3.0427
    1.7883
    3.1606
    0.8951
    4.5094
         0
         0
         0
   -0.0000
    0.0000
    0.0000
         0
    0.0000
    0.0000
         0
         0
         0
         0
    0.0000
         0
         0
         0
    0.0000
    0.0000
         0
    0.0000
    0.0000
    0.0000
    0.0000
         0
    0.0000
    0.0000
    0.0000
         0
         0
    0.0000
  124.0332

  -1.0000e+09

    4.0698

End of this iteration
x-value
    3.0427
    1.7883
    3.1606
    0.8951
    4.5094
    0.0000
         0
         0
         0
    0.0000
    0.0000
         0
    0.0000
    0.0000
    0.0000
    0.0000
    0.0000
         0
         0
         0
         0
         0
    0.0000
    0.0000
    0.0000
         0
         0
         0
    0.0000
    0.0000
         0
    0.0000
    0.0000
    0.0000
    0.0000
    0.0000
  124.0332

  -1.0000e+09

    4.0698

End of this iteration
x-value
    3.0427
    1.7883
    3.1606
    0.8951
    4.5094
    0.0000
    0.0000
         0
    0.0000
    0.0000
    0.0000
    0.0000
         0
    0.0000
         0
    0.0000
    0.0000
         0
    0.0000
    0.0000
         0
    0.0000
    0.0000
         0
         0
         0
         0
    0.0000
         0
    0.0000
    0.0000
    0.0000
    0.0000
    0.0000
         0
    0.0000
  124.0332

  -1.0000e+09

    4.0698

End of this iteration
x-value
    2.5571
    2.1231
    2.9208
    1.0341
    4.4574
         0
    0.0000
    0.0000
         0
         0
    0.0000
    0.0000
   -0.0000
         0
    0.0000
    0.0000
         0
         0
         0
    0.0000
         0
    0.0000
         0
    0.0000
    0.0000
    0.0000
    0.0000
    0.0000
         0
    0.0000
    0.0000
         0
    0.0000
         0
         0
    0.0000
  121.4727

  -1.0000e+09

    3.7408

End of this iteration
x-value
    3.1475
    1.7333
    3.1090
    1.0943
    3.9645
    0.8739
    0.0000
    0.0000
         0
         0
         0
    0.0000
    0.0000
    0.0000
         0
         0
         0
    0.0000
         0
         0
         0
    0.0000
    0.0000
    0.0000
         0
         0
    0.0000
         0
         0
    0.0000
    0.0000
    0.0000
         0
         0
         0
         0
  104.9472

  -1.0000e+09

    4.1430

End of this iteration
x-value
    3.0327
    1.8013
    3.1446
    0.9101
    4.5032
         0
    0.0000
    0.0000
    0.0000
    0.0000
         0
   -0.0000
    0.0000
    0.0000
         0
         0
    0.0000
         0
         0
         0
         0
         0
    0.0000
         0
    0.0000
         0
         0
    0.0000
    0.0000
    0.0000
    0.0000
    0.0000
         0
         0
         0
    0.0000
  123.6555

  -1.0000e+09

    4.0654

End of this iteration
x-value
    3.0340
    1.8000
    3.1452
    0.9150
    4.4824
         0
    0.0000
    0.0000
         0
    0.0000
    0.0000
    0.0000
         0
    0.0000
    0.0000
   -0.0000
         0
    0.0000
    0.0000
    0.0000
    0.0000
   -0.0000
         0
         0
    0.0000
    0.0000
    0.0000
         0
    0.0000
    0.0000
    0.0000
    0.0000
    0.0000
    0.0000
    0.0000
    0.0000
  122.7661

  -1.0000e+09

    4.0660

End of this iteration
x-value
    2.4632
    2.1358
    2.9564
    1.0286
    4.4579
         0
    0.0000
         0
         0
         0
         0
    0.0000
         0
         0
         0
         0
         0
    0.0000
    0.0000
         0
    0.0000
         0
    0.0000
         0
    0.0000
    0.0000
         0
         0
         0
         0
         0
    0.0000
         0
         0
    0.0000
    0.0000
  121.2595

  -1.0000e+09

    3.6561

End of this iteration
x-value
    2.4809
    2.1148
    2.9841
    0.9885
    4.4752
    0.0000
    0.0000
         0
    0.0000
         0
         0
         0
    0.0000
         0
         0
    0.0000
         0
         0
    0.0000
    0.0000
    0.0000
         0
   -0.0000
    0.0000
    0.0000
         0
         0
    0.0000
         0
    0.0000
    0.0000
    0.0000
    0.0000
    0.0000
    0.0000
         0
  122.4312

  -1.0000e+09

    3.6649

End of this iteration
x-value
    3.0340
    1.8000
    3.1452
    0.9150
    4.4824
    0.0000
         0
    0.0000
    0.0000
    0.0000
    0.0000
         0
    0.0000
    0.0000
    0.0000
         0
         0
    0.0000
         0
         0
         0
         0
    0.0000
    0.0000
    0.0000
         0
         0
         0
    0.0000
    0.0000
   -0.0000
    0.0000
         0
    0.0000
    0.0000
   -0.0000
   73.4823

  -1.0000e+09

    4.0660

End of this iteration
x-value
    3.0427
    1.7883
    3.1606
    0.8951
    4.5094
         0
         0
    0.0000
    0.0000
    0.0000
         0
    0.0000
         0
         0
         0
    0.0000
         0
         0
    0.0000
    0.0000
         0
         0
    0.0000
         0
    0.0000
         0
    0.0000
    0.0000
         0
    0.0000
    0.0000
    0.0000
    0.0000
         0
         0
         0
  124.0332

  -1.0000e+09

    4.0698

End of this iteration
x-value
    2.9852
    1.8618
    3.0744
    0.9589
    4.4843
         0
    0.0000
    0.0000
         0
    0.0000
    0.0000
    0.0000
    0.0000
    0.0000
    0.0000
         0
         0
    0.0000
         0
         0
         0
    0.0000
         0
    0.0000
    0.0000
         0
    0.0000
         0
         0
    0.0000
    0.0000
    0.0000
    1.4393
    0.0000
         0
         0
  122.6302

  -1.0000e+09

    4.0443

End of this iteration
x-value
    3.0427
    1.7883
    3.1606
    0.8951
    4.5094
         0
    0.0000
    0.0000
         0
         0
    0.0000
    0.0000
         0
         0
    0.0000
         0
   -0.0000
    0.0000
    0.0000
    0.0000
         0
         0
    0.0000
    0.0000
         0
    0.0000
         0
         0
         0
    0.0000
         0
    0.0000
         0
    0.0000
    0.0000
    0.0000
  124.0332

  -1.0000e+09

    4.0698

End of this iteration
x-value
    2.5722
    2.4044
    2.3705
    1.5999
    3.0522
    1.7718
         0
    0.0000
         0
    0.5799
    0.0000
         0
    0.0000
         0
         0
         0
         0
         0
         0
    0.0000
    0.0000
         0
    0.0000
    0.0000
    0.0000
    0.0000
         0
         0
         0
         0
         0
    0.0000
         0
    0.0000
    0.0000
    0.0000
   50.0679

  -1.0000e+09

    3.8639

End of this iteration
x-value
    2.8204
    1.9860
    2.9625
    1.0986
    4.3111
    0.2027
         0
    0.0000
    0.0000
         0
    0.0000
    0.0000
         0
         0
         0
    0.0000
    0.0000
    0.0000
         0
         0
    0.0000
         0
    0.0000
    0.0000
         0
         0
    0.0000
         0
         0
    0.0000
    0.0000
    0.0000
    1.4171
    0.6238
    0.0000
         0
  115.5023

  -1.0000e+09

    3.9361

End of this iteration
x-value
    3.0427
    1.7883
    3.1606
    0.8951
    4.5094
    0.0000
    0.0000
    0.0000
         0
    0.0000
    0.0000
    0.0000
    0.0000
    0.0000
         0
    0.0000
         0
    0.0000
    0.0000
         0
         0
    0.0000
         0
         0
    0.0000
         0
         0
         0
   -0.0000
    0.0000
    0.0000
         0
         0
         0
    0.0000
    0.0000
  124.0332

  -1.0000e+09

    4.0698

End of this iteration
x-value
    3.0427
    1.7883
    3.1606
    0.8951
    4.5094
    0.0000
    0.0000
         0
         0
   -0.0000
         0
         0
         0
    0.0000
         0
         0
    0.0000
         0
         0
         0
    0.0000
         0
         0
    0.0000
    0.0000
    0.0000
    0.0000
         0
    0.0000
    0.0000
    0.0000
   -0.0000
         0
         0
         0
         0
  124.0332

  -1.0000e+09

    4.0698

End of this iteration
x-value
    2.5159
    2.1751
    2.8459
    0.7704
    4.3145
    0.0000
    0.0000
    0.0000
    0.0000
    0.7659
    0.0000
         0
    0.0000
    0.0000
    0.0000
    0.0000
    0.0000
    0.0000
    0.0000
         0
         0
    0.0000
         0
    0.0000
         0
    0.0000
    0.0000
    0.0000
    0.0000
         0
    0.0000
    0.0000
    0.9786
    0.0781
    0.0000
         0
   92.4819

  -1.0000e+09

    3.7216

End of this iteration
x-value
    3.1475
    1.7333
    3.1090
    1.0943
    3.9645
    0.8739
         0
         0
         0
    0.0000
    0.0000
   -0.0000
         0
    0.0000
    0.0000
         0
         0
         0
    0.0000
         0
         0
    0.0000
         0
    0.0000
         0
         0
    0.0000
         0
         0
         0
         0
    0.0000
    0.0000
         0
         0
         0
  104.9472

  -1.0000e+09

    4.1430

End of this iteration
x-value
    3.0427
    1.7883
    3.1606
    0.8951
    4.5094
         0
         0
         0
   -0.0000
         0
         0
         0
         0
    0.0000
    0.0000
    0.0000
    0.0000
    0.0000
    0.0000
         0
    0.0000
         0
    0.0000
         0
    0.0000
         0
    0.0000
         0
    0.0000
         0
         0
    0.0000
         0
    0.0000
    0.0000
    0.0000
  124.0332

  -1.0000e+09

    4.0698

End of this iteration
x-value
    3.0427
    1.7883
    3.1606
    0.8951
    4.5094
    0.0000
   -0.0000
    0.0000
         0
    0.0000
         0
         0
    0.0000
    0.0000
    0.0000
    0.0000
   -0.0000
         0
         0
         0
    0.0000
    0.0000
    0.0000
         0
    0.0000
         0
         0
    0.0000
    0.0000
    0.0000
    0.0000
         0
    0.0000
         0
         0
         0
  124.0332

  -1.0000e+09

    4.0698

End of this iteration
x-value
    3.0840
    1.7315
    3.2417
    0.7672
    4.7052
         0
         0
    0.0000
         0
    0.0000
    0.0000
    0.0000
    0.0000
   -0.0000
    0.0000
         0
    0.0000
    0.0000
         0
         0
    0.0000
    0.0000
    0.0000
         0
         0
         0
    0.0000
    0.0000
         0
    0.0000
    0.0000
         0
         0
    0.0000
         0
    0.0000
  133.1966

  -1.0000e+09

    4.0872

End of this iteration
x-value
    3.0427
    1.7883
    3.1606
    0.8951
    4.5094
         0
         0
         0
         0
   -0.0000
         0
         0
         0
    0.0000
    0.0000
    0.0000
         0
         0
    0.0000
    0.0000
         0
   -0.0000
         0
         0
    0.0000
         0
         0
    0.0000
         0
         0
         0
   -0.0000
    0.0000
         0
         0
    0.0000
  124.0332

  -1.0000e+09

    4.0698

End of this iteration
x-value
    3.0427
    1.7883
    3.1606
    0.8951
    4.5094
         0
         0
    0.0000
    0.0000
         0
    0.0000
    0.0000
   -0.0000
    0.0000
    0.0000
    0.0000
    0.0000
         0
         0
    0.0000
   -0.0000
         0
         0
         0
    0.0000
         0
    0.0000
         0
    0.0000
         0
    0.0000
         0
    0.0000
   -0.0000
    0.0000
         0
  124.0332

  -1.0000e+09

    4.0698

End of this iteration
x-value
    3.0340
    1.8000
    3.1452
    0.9150
    4.4824
    0.0000
         0
    0.0000
    0.0000
         0
         0
    0.0000
    0.0000
    0.0000
         0
         0
    0.0000
         0
         0
    0.0000
    0.0000
    0.0000
         0
         0
         0
    0.0000
    0.0000
    0.0000
    0.0000
    0.0000
    0.0000
    0.0000
    0.0000
    0.0000
    0.0000
         0
  122.7661

  -1.0000e+09

    4.0660

End of this iteration
x-value
    3.0427
    1.7883
    3.1606
    0.8951
    4.5094
    0.0000
    0.0000
         0
         0
         0
    0.0000
         0
    0.0000
    0.0000
    0.0000
   -0.0000
    0.0000
         0
    0.0000
   -0.0000
    0.0000
    0.0000
    0.0000
         0
         0
    0.0000
         0
    0.0000
         0
         0
    0.0000
    0.0000
         0
    0.0000
         0
         0
  124.0332

  -1.0000e+09

    4.0698

End of this iteration
x-value
    3.0427
    1.7883
    3.1606
    0.8951
    4.5094
    0.0000
    0.0000
         0
   -0.0000
         0
    0.0000
         0
         0
   -0.0000
         0
    0.0000
   -0.0000
         0
    0.0000
    0.0000
         0
    0.0000
         0
         0
    0.0000
         0
         0
         0
    0.0000
    0.0000
         0
    0.0000
    0.0000
    0.0000
    0.0000
         0
  124.0332

  -1.0000e+09

    4.0698

End of this iteration
x-value
    2.3050
    2.4298
    2.5064
    1.6856
    3.3310
    1.4843
         0
         0
         0
    0.0000
    0.0000
    0.0000
         0
    0.0000
    0.0000
         0
         0
    0.0000
    0.0000
         0
         0
    0.0000
    0.0000
    0.0000
    0.0000
         0
    0.0000
         0
         0
         0
         0
         0
    1.0051
    0.0000
         0
         0
   78.2830

  -1.0000e+09

    3.6193

End of this iteration
x-value
    3.0469
    1.7831
    3.1654
    0.9010
    4.5063
    0.0000
    0.0000
    0.0000
    0.0000
    0.0000
         0
    0.0000
    0.0000
    0.0000
    0.0000
         0
    0.0000
    0.0000
    0.0000
    0.0000
    0.0000
         0
         0
    0.0000
    0.0000
    0.0000
         0
         0
    0.0000
         0
   -0.0000
    0.0000
         0
    0.0000
    0.0000
         0
  123.7607

  -1.0000e+09

    4.0717

End of this iteration
x-value
    2.5820
    2.4032
    2.3446
    1.9509
    2.9409
    1.9013
    0.0000
    0.0000
         0
    0.0000
    0.0000
         0
    0.0000
    0.0000
         0
         0
    0.0000
    0.0000
    0.0000
    0.0000
         0
         0
         0
    0.0000
    0.0000
         0
    0.0000
         0
    0.0000
         0
         0
         0
    0.8429
    0.0000
    0.0000
    0.0000
   62.2625

  -1.0000e+09

    3.8713

End of this iteration
x-value
    3.0427
    1.7883
    3.1606
    0.8951
    4.5094
         0
         0
    0.0000
         0
         0
         0
         0
    0.0000
   -0.0000
         0
    0.0000
    0.0000
    0.0000
    0.0000
    0.0000
    0.0000
         0
         0
    0.0000
         0
         0
    0.0000
         0
         0
    0.0000
    0.0000
         0
    0.0000
    0.0000
         0
    0.0000
  124.0332

  -1.0000e+09

    4.0698

End of this iteration
x-value
    3.0427
    1.7883
    3.1606
    0.8951
    4.5094
    0.0000
    0.0000
    0.0000
         0
    0.0000
    0.0000
    0.0000
         0
         0
   -0.0000
         0
         0
    0.0000
    0.0000
    0.0000
    0.0000
         0
         0
   -0.0000
         0
         0
         0
         0
         0
    0.0000
    0.0000
    0.0000
    0.0000
         0
         0
    0.0000
  124.0332

  -1.0000e+09

    4.0698

End of this iteration
x-value
    2.0835
    2.6867
    2.1956
    1.9002
    2.9503
    1.7274
    0.0000
         0
         0
    0.2657
         0
    0.0000
    0.0000
    0.0000
         0
         0
         0
    0.0000
         0
    0.0000
         0
         0
         0
    0.0000
         0
    0.0000
         0
         0
    0.0000
    0.0000
    0.0000
    0.0000
         0
    0.0000
         0
    0.0000
   53.7043

  -1.0000e+09

    3.5093

End of this iteration
x-value
    2.5571
    2.1231
    2.9208
    1.0341
    4.4574
         0
    0.0000
    0.0000
         0
         0
    0.0000
         0
         0
    0.0000
    0.0000
    0.0000
         0
    0.0000
    0.0000
    0.0000
         0
    0.0000
    0.0000
         0
    0.0000
         0
         0
    0.0000
         0
    0.0000
    0.0000
    0.0000
         0
    0.0000
    0.0000
         0
  121.4727

  -1.0000e+09

    3.7408

End of this iteration
x-value
    3.0136
    1.8314
    3.0969
    0.9464
    4.4716
         0
         0
    0.0000
    0.0000
         0
    0.0000
    0.0000
         0
    0.0000
         0
         0
         0
         0
         0
    0.0000
    0.0000
    0.0000
    0.0000
    0.0000
         0
         0
         0
         0
         0
    0.0000
         0
    0.0000
    0.0000
    0.0000
         0
    0.0000
   72.7063

  -1.0000e+09

    4.0586

End of this iteration
x-value
    2.3798
    2.3422
    2.6150
    1.5514
    3.5176
    1.2712
         0
         0
         0
         0
         0
    0.0000
    0.0000
    0.0000
    0.0000
    0.0000
         0
    0.0000
         0
    0.0000
    0.0000
         0
    0.0000
         0
    0.0000
         0
    0.0000
         0
         0
    0.0000
    0.0000
         0
    0.7803
         0
         0
         0
   85.7704

  -1.0000e+09

    3.6563

End of this iteration
x-value
    3.1462
    1.6975
    3.2567
    0.7659
    4.7052
         0
    0.0000
    0.0000
    0.0000
    0.0000
         0
    0.0000
         0
         0
         0
    0.0000
    0.0000
         0
    0.0000
    0.0000
         0
         0
         0
    0.0000
   -0.0000
    0.0000
    0.0000
         0
    0.0000
         0
    0.0000
    0.0000
         0
    0.0000
    0.0000
    0.0000
  133.0972

  -1.0000e+09

    4.1328

End of this iteration
x-value
    3.0427
    1.7883
    3.1606
    0.8951
    4.5094
    0.0000
         0
    0.0000
    0.0000
         0
         0
    0.0000
    0.0000
         0
    0.0000
    0.0000
         0
    0.0000
    0.0000
    0.0000
         0
    0.0000
    0.0000
    0.0000
         0
         0
         0
   -0.0000
    0.0000
         0
    0.0000
         0
         0
         0
         0
    0.0000
  124.0332

  -1.0000e+09

    4.0698

End of this iteration
x-value
    0.0000
    3.8466
    1.9438
    1.4708
    4.3061
    0.0000
         0
    0.0000
    0.0000
    0.0000
    0.0000
    0.0000
    0.0000
   -0.0000
         0
         0
    0.0000
         0
    0.0000
         0
    0.0000
         0
    0.0000
   -0.0000
    0.0000
    0.0000
         0
    0.0000
   -0.0000
    0.0000
    0.0000
         0
         0
   -0.0000
         0
         0
  115.6235

  -1.0000e+09

    2.7712

End of this iteration
x-value
    0.0000
    3.8466
    1.9438
    1.4708
    4.3061
    0.0000
    0.0000
    0.0000
         0
    0.0000
    0.0000
         0
         0
         0
    0.0000
    0.0000
    0.0000
         0
         0
         0
         0
         0
   -0.0000
    0.0000
         0
         0
    0.0000
   -0.0000
         0
    0.0000
         0
         0
    0.0000
         0
         0
    0.0000
  115.6235

  -1.0000e+09

    2.7712

End of this iteration
x-value
    3.0427
    1.7883
    3.1606
    0.8951
    4.5094
    0.0000
    0.0000
         0
    0.0000
    0.0000
         0
    0.0000
         0
    0.0000
         0
    0.0000
    0.0000
    0.0000
    0.0000
    0.0000
         0
    0.0000
    0.0000
    0.0000
    0.0000
   -0.0000
    0.0000
    0.0000
    0.0000
    0.0000
    0.0000
    0.0000
    0.0000
    0.0000
    0.0000
    0.0000
  124.0332

  -1.0000e+09

    4.0698

End of this iteration
x-value
    0.0000
    3.8533
    1.9291
    1.4923
    4.2975
         0
         0
         0
    0.0000
         0
    0.0000
         0
         0
    0.0000
    0.0000
         0
         0
         0
         0
         0
    0.0000
         0
    0.0000
         0
         0
    0.0000
         0
         0
    0.0000
         0
         0
    0.0000
    1.4393
         0
         0
    0.0000
  115.0210

  -1.0000e+09

    2.7687

End of this iteration
x-value
    3.0427
    1.7883
    3.1606
    0.8951
    4.5094
    0.0000
    0.0000
    0.0000
    0.0000
    0.0000
    0.0000
    0.0000
    0.0000
    0.0000
    0.0000
         0
    0.0000
    0.0000
    0.0000
    0.0000
    0.0000
         0
    0.0000
    0.0000
         0
   -0.0000
    0.0000
    0.0000
    0.0000
    0.0000
    0.0000
         0
         0
    0.0000
         0
         0
  124.0332

  -1.0000e+09

    4.0698

End of this iteration
x-value
    3.0427
    1.7883
    3.1606
    0.8951
    4.5094
    0.0000
         0
         0
         0
         0
   -0.0000
         0
    0.0000
    0.0000
         0
    0.0000
    0.0000
         0
         0
    0.0000
    0.0000
         0
    0.0000
    0.0000
    0.0000
    0.0000
         0
         0
    0.0000
    0.0000
    0.0000
    0.0000
    0.0000
    0.0000
    0.0000
         0
  124.0332

  -1.0000e+09

    4.0698

End of this iteration
x-value
    3.0340
    1.8000
    3.1452
    0.9150
    4.4824
         0
         0
         0
    0.0000
    0.0000
         0
    0.0000
    0.0000
    0.0000
    0.0000
    0.0000
         0
    0.0000
         0
         0
    0.0000
    0.0000
    0.0000
    0.0000
    0.0000
         0
   -0.0000
   -0.0000
         0
         0
    0.0000
    0.0000
    0.0000
         0
         0
         0
  122.7661

  -1.0000e+09

    4.0660

End of this iteration
x-value
    0.0000
    3.8615
    1.8822
    1.7205
    3.9198
    0.2680
    0.0000
    0.0000
    0.0000
         0
         0
    0.0000
         0
    0.0000
    0.0000
         0
    0.0000
         0
    0.0000
         0
    0.0000
    0.0000
    0.0000
         0
    0.0000
         0
         0
         0
    0.0000
    0.0000
         0
    0.0000
    1.4344
    0.1393
    0.0000
         0
   98.2415

  -1.0000e+09

    2.7672

End of this iteration
x-value
    0.0000
    3.8466
    1.9438
    1.4708
    4.3061
         0
    0.0000
    0.0000
    0.0000
    0.0000
    0.0000
    0.0000
         0
         0
         0
    0.0000
    0.0000
         0
   -0.0000
         0
   -0.0000
    0.0000
   -0.0000
         0
    0.0000
   -0.0000
   -0.0000
         0
    0.0000
         0
         0
         0
    0.0000
         0
    0.0000
    0.0000
  115.6235

  -1.0000e+09

    2.7712

End of this iteration
x-value
    2.5571
    2.1231
    2.9208
    1.0341
    4.4574
    0.0000
    0.0000
    0.0000
    0.0000
    0.0000
         0
         0
    0.0000
         0
         0
         0
    0.0000
         0
         0
         0
         0
    0.0000
         0
         0
         0
         0
    0.0000
         0
    0.0000
         0
    0.0000
         0
    0.0000
    0.0000
         0
    0.0000
  121.4727

  -1.0000e+09

    3.7408

End of this iteration
x-value
         0
    3.8535
    1.9286
    1.4931
    4.2965
    0.0000
         0
    0.0000
         0
         0
         0
         0
    0.0000
         0
         0
    0.0000
    0.0000
    0.0000
         0
         0
    0.0000
    0.0000
    0.0000
    0.0000
    0.0000
    0.0000
    0.0000
    0.0000
   -0.0000
    0.0000
    0.0000
    0.0000
         0
    0.0000
         0
    0.0000
  114.9712

  -1.0000e+09

    2.7687

End of this iteration
x-value
    0.0000
    3.8466
    1.9438
    1.4708
    4.3061
         0
    0.0000
    0.0000
    0.0000
         0
         0
    0.0000
         0
    0.0000
    0.0000
    0.0000
    0.0000
    0.0000
    0.0000
    0.0000
    0.0000
    0.0000
    0.0000
    0.0000
         0
    0.0000
    0.0000
         0
    0.0000
    0.0000
    0.0000
    0.0000
    0.0000
    0.0000
    0.0000
    0.0000
  115.6235

  -1.0000e+09

    2.7525

End of this iteration
x-value
    0.0000
    4.1276
    2.1277
    0.0985
    4.9490
    0.0004
         0
    0.0000
    0.0000
    1.2929
         0
    0.0000
    0.0000
         0
    1.1940
         0
    0.0000
         0
    0.0000
    0.0000
         0
         0
    0.0997
    0.0000
    0.0000
    0.0000
    0.0000
         0
    0.0000
         0
         0
    0.0000
    3.3779
    2.3697
    0.0000
         0
  102.7960

  -1.0000e+09

    2.5888

End of this iteration
x-value
         0
    3.8535
    1.9286
    1.4931
    4.2965
    0.0000
         0
    0.0000
    0.0000
         0
    0.0000
    0.0000
    0.0000
    0.0000
    0.0000
    0.0000
         0
         0
    0.0000
    0.0000
   -0.0000
    0.0000
    0.0000
    0.0000
    0.0000
         0
         0
    0.0000
    0.0000
    0.0000
         0
    0.0000
         0
    0.0000
         0
    0.0000
  114.9712

  -1.0000e+09

    2.7687

End of this iteration
x-value
    3.0427
    1.7883
    3.1606
    0.8951
    4.5094
    0.0000
         0
    0.0000
    0.0000
         0
    0.0000
         0
    0.0000
    0.0000
    0.0000
         0
    0.0000
    0.0000
    0.0000
    0.0000
    0.0000
         0
   -0.0000
    0.0000
   -0.0000
    0.0000
    0.0000
    0.0000
    0.0000
    0.0000
    0.0000
    0.0000
    0.0000
         0
         0
         0
  124.0332

  -1.0000e+09

    4.0698

End of this iteration
x-value
    3.0427
    1.7883
    3.1606
    0.8951
    4.5094
    0.0000
    0.0000
         0
         0
         0
    0.0000
    0.0000
         0
         0
    0.0000
         0
    0.0000
    0.0000
    0.0000
    0.0000
    0.0000
         0
         0
    0.0000
         0
    0.0000
         0
         0
    0.0000
    0.0000
    0.0000
    0.0000
         0
    0.0000
    0.0000
    0.0000
  124.0332

  -1.0000e+09

    4.0698

End of this iteration
x-value
    3.0427
    1.7883
    3.1606
    0.8951
    4.5094
         0
   -0.0000
         0
    0.0000
         0
         0
         0
    0.0000
    0.0000
    0.0000
         0
         0
    0.0000
    0.0000
    0.0000
    0.0000
         0
    0.0000
    0.0000
         0
         0
    0.0000
         0
   -0.0000
         0
    0.0000
    0.0000
         0
    0.0000
   -0.0000
    0.0000
  124.0332

  -1.0000e+09

    4.0698

End of this iteration
x-value
    3.0427
    1.7883
    3.1606
    0.8951
    4.5094
    0.0000
    0.0000
    0.0000
         0
    0.0000
         0
    0.0000
    0.0000
         0
    0.0000
    0.0000
    0.0000
    0.0000
    0.0000
    0.0000
    0.0000
         0
    0.0000
         0
    0.0000
         0
         0
         0
    0.0000
         0
    0.0000
         0
    0.0000
         0
    0.0000
         0
  124.0332

  -1.0000e+09

    4.0698

End of this iteration
x-value
    3.0427
    1.7883
    3.1606
    0.8951
    4.5094
         0
    0.0000
         0
    0.0000
    0.0000
         0
         0
    0.0000
    0.0000
    0.0000
    0.0000
         0
         0
         0
    0.0000
         0
         0
         0
    0.0000
    0.0000
    0.0000
         0
         0
    0.0000
    0.0000
    0.0000
    0.0000
    0.0000
    0.0000
    0.0000
         0
  124.0332

  -1.0000e+09

    4.0698

End of this iteration
x-value
    2.5571
    2.1231
    2.9208
    1.0341
    4.4574
         0
         0
    0.0000
         0
    0.0000
    0.0000
    0.0000
         0
    0.0000
         0
         0
         0
    0.0000
    0.0000
         0
         0
    0.0000
    0.0000
         0
         0
    0.0000
         0
    0.0000
         0
         0
         0
    0.0000
         0
         0
         0
    0.0000
  121.4727

  -1.0000e+09

    3.7408

End of this iteration
x-value
    2.5643
    2.3138
    2.5604
    1.4914
    3.8529
    0.7306
         0
         0
    0.0000
         0
    0.0000
    0.0000
    0.0000
    0.0000
    0.0000
         0
    0.0000
    0.0000
         0
    0.0000
         0
         0
    0.0000
         0
    0.0000
         0
         0
         0
         0
    0.0000
    0.0000
         0
    1.4393
    0.0000
    0.0000
         0
   97.1472

  -1.0000e+09

    3.8217

End of this iteration
x-value
    1.9167
    2.8177
    2.1449
    1.9098
    2.9387
    1.7353
         0
         0
    0.0000
    0.2880
    0.0000
         0
    0.0000
         0
    0.0000
    0.0000
    0.0000
    0.0000
         0
    0.0000
         0
    0.0000
    0.0000
    0.0000
    0.0000
         0
    0.0000
         0
    0.0000
         0
         0
         0
    0.6116
    0.0000
         0
         0
   52.6770

  -1.0000e+09

    3.4066

End of this iteration
x-value
    3.0684
    1.7536
    3.2081
    0.8283
    4.6052
    0.0000
         0
    0.0000
    0.0000
    0.0000
    0.0000
         0
         0
   -0.0000
    0.0000
    0.0000
    0.0000
    0.0000
    0.0000
         0
    0.0000
    0.0000
    0.0000
    0.0000
         0
         0
         0
    0.0000
    0.0000
    0.0000
         0
         0
    0.0000
    0.0000
         0
         0
  128.5273

  -1.0000e+09

    4.0808

End of this iteration
x-value
    3.0427
    1.7883
    3.1606
    0.8951
    4.5094
    0.0000
    0.0000
         0
    0.0000
    0.0000
         0
    0.0000
         0
   -0.0000
         0
         0
    0.0000
    0.0000
    0.0000
    0.0000
    0.0000
         0
    0.0000
    0.0000
         0
         0
         0
         0
   -0.0000
         0
    0.0000
    0.0000
    0.0000
    0.0000
    0.0000
   -0.0000
  124.0332

  -1.0000e+09

    4.0698

End of this iteration
x-value
    3.0427
    1.7883
    3.1606
    0.8951
    4.5094
    0.0000
   -0.0000
         0
         0
    0.0000
   -0.0000
    0.0000
    0.0000
    0.0000
         0
         0
         0
    0.0000
         0
         0
    0.0000
         0
         0
    0.0000
         0
         0
    0.0000
         0
         0
         0
    0.0000
         0
         0
         0
    0.0000
         0
  124.0332

  -1.0000e+09

    4.0698

End of this iteration
x-value
    3.0427
    1.7883
    3.1606
    0.8951
    4.5094
         0
    0.0000
    0.0000
    0.0000
    0.0000
    0.0000
         0
         0
    0.0000
         0
    0.0000
    0.0000
    0.0000
         0
    0.0000
    0.0000
         0
         0
         0
         0
    0.0000
         0
    0.0000
         0
    0.0000
   -0.0000
    0.0000
    0.0000
    0.0000
         0
         0
  124.0332

  -1.0000e+09

    4.0698

End of this iteration
x-value
   -0.0000
    3.8535
    1.9286
    1.4931
    4.2965
    0.0000
    0.0000
         0
         0
    0.0000
    0.0000
         0
    0.0000
         0
    0.0000
    0.0000
         0
   -0.0000
         0
    0.0000
    0.0000
         0
         0
         0
         0
         0
         0
         0
   -0.0000
         0
    0.0000
    0.0000
    0.0000
         0
         0
    0.0000
  114.9712

  -1.0000e+09

    2.7687

End of this iteration
x-value
    3.0427
    1.7883
    3.1606
    0.8951
    4.5094
         0
    0.0000
         0
    0.0000
         0
    0.0000
    0.0000
    0.0000
    0.0000
    0.0000
         0
         0
         0
    0.0000
         0
    0.0000
         0
    0.0000
    0.0000
         0
         0
    0.0000
    0.0000
    0.0000
    0.0000
         0
    0.0000
    0.0000
    0.0000
    0.0000
    0.0000
  124.0332

  -1.0000e+09

    4.0698

End of this iteration
x-value
    2.3609
    2.3544
    2.6296
    1.4116
    3.9198
    0.7961
         0
    0.0000
         0
         0
         0
    0.0000
         0
         0
    0.0000
    0.0000
    0.0000
         0
    0.0000
         0
    0.0000
    0.0000
    0.0000
         0
         0
         0
         0
         0
         0
         0
         0
    0.0000
         0
    0.0000
         0
    0.0000
  130.2303

  -1.0000e+09

    3.6443

End of this iteration
x-value
    3.0564
    1.7708
    3.1810
    0.8818
    4.4944
    0.0000
         0
         0
    0.0000
    0.0000
         0
    0.0000
         0
         0
         0
    0.0000
         0
    0.0000
    0.0000
    0.0000
         0
         0
         0
    0.0000
         0
         0
    0.0000
    0.0000
         0
    0.0000
    0.0000
         0
    0.0000
    0.0000
         0
    0.0000
  266.4883

  -1.0000e+09

    4.0759

End of this iteration
x-value
    2.2894
    2.4482
    2.4828
    1.7181
    3.2766
    1.5448
    0.0000
    0.0000
         0
         0
    0.0000
         0
    0.0000
         0
         0
         0
    0.0000
    0.0000
    0.0000
    0.0000
         0
         0
    0.0000
         0
    0.0000
         0
         0
         0
    0.0000
    0.0000
    0.0000
         0
    1.4393
         0
    0.0000
    0.0000
   76.1465

  -1.0000e+09

    3.6117

End of this iteration
x-value
    3.0427
    1.7883
    3.1606
    0.8951
    4.5094
         0
   -0.0000
    0.0000
         0
    0.0000
    0.0000
    0.0000
    0.0000
   -0.0000
    0.0000
    0.0000
         0
         0
         0
    0.0000
    0.0000
         0
   -0.0000
    0.0000
         0
    0.0000
         0
         0
    0.0000
    0.0000
    0.0000
    0.0000
         0
   -0.0000
    0.0000
    0.0000
  124.0332

  -1.0000e+09

    4.0698

End of this iteration
x-value
         0
    3.8466
    1.9438
    1.4708
    4.3061
         0
    0.0000
    0.0000
         0
         0
    0.0000
    0.0000
         0
         0
    0.0000
    0.0000
    0.0000
    0.0000
    0.0000
         0
         0
    0.0000
    0.0000
         0
         0
         0
    0.0000
   -0.0000
         0
         0
    0.0000
    0.0000
    0.0000
    0.0000
         0
    0.0000
  115.6235

  -1.0000e+09

    2.7712

End of this iteration
x-value
    2.7369
    2.1990
    2.6058
    1.6596
    3.2333
    1.7094
         0
    0.0000
         0
         0
    0.0000
   -0.0000
         0
         0
   -0.0000
         0
         0
    0.0000
         0
    0.0000
         0
    0.0000
         0
    0.0000
         0
    0.0000
    0.0000
    0.0000
         0
         0
    0.0000
         0
         0
    0.0000
    0.0000
         0
  102.1100

  -1.0000e+09

    3.9386

End of this iteration
x-value
         0
    3.8535
    1.9286
    1.4931
    4.2965
    0.0000
         0
         0
    0.0000
    0.0000
         0
         0
    0.0000
    0.0000
    0.0000
    0.0000
   -0.0000
    0.0000
    0.0000
    0.0000
    0.0000
    0.0000
         0
         0
    0.0000
         0
    0.0000
    0.0000
    0.0000
         0
    0.0000
         0
         0
    0.0000
    0.0000
    0.0000
  114.9712

  -1.0000e+09

    2.7687

End of this iteration
x-value
    1.4934
    2.9820
    2.3641
    1.3093
    4.3590
    0.0000
         0
         0
    0.0000
         0
         0
    0.0000
    0.0000
         0
    0.0000
         0
    0.0000
    0.0000
         0
    0.0000
    0.0000
    0.0000
    0.0000
    0.0000
    0.0000
    0.0000
    0.0000
    0.0000
    0.0000
    0.0000
         0
    0.0000
    0.0000
         0
    0.0000
    0.0000
  117.2391

  -1.0000e+09

    3.0821

End of this iteration
x-value
    1.1136
    3.1296
    2.0818
    1.4930
    3.8004
    0.7192
    0.0000
    0.0000
    0.2300
    0.2946
    0.0000
    0.0000
    0.0000
    0.0000
    0.1264
    0.0000
    0.0000
    0.0000
    0.0000
    0.0000
    0.0000
    0.0462
    0.0021
    0.0000
    0.0000
         0
    0.0000
    0.5869
    0.0000
         0
    0.0000
    0.0000
    2.2146
    0.0000
    0.0106
    0.0000
   81.7680

  -1.0000e+09

    2.7700

End of this iteration
x-value
    3.0427
    1.7883
    3.1606
    0.8951
    4.5094
    0.0000
    0.0000
         0
    0.0000
         0
    0.0000
    0.0000
    0.0000
    0.0000
         0
    0.0000
    0.0000
    0.0000
         0
         0
         0
    0.0000
         0
    0.0000
         0
         0
         0
    0.0000
    0.0000
    0.0000
         0
         0
         0
         0
    0.0000
         0
  124.0332

  -1.0000e+09

    4.0698

End of this iteration
x-value
    3.0427
    1.7883
    3.1606
    0.8951
    4.5094
         0
    0.0000
         0
    0.0000
    0.0000
         0
         0
    0.0000
         0
    0.0000
    0.0000
         0
         0
    0.0000
         0
         0
    0.0000
         0
    0.0000
         0
    0.0000
    0.0000
         0
    0.0000
    0.0000
    0.0000
    0.0000
    0.0000
         0
    0.0000
    0.0000
  124.0332

  -1.0000e+09

    4.0698

End of this iteration
x-value
    2.9757
    1.8752
    3.0544
    0.9912
    4.4702
    0.0000
    0.0000
         0
   -0.0000
         0
    0.0000
         0
         0
         0
         0
         0
    0.0000
         0
         0
    0.0000
    0.0000
    0.0000
         0
   -0.0000
    0.0000
         0
    0.0000
         0
    0.0000
         0
         0
   -0.0000
    0.0000
         0
         0
         0
  121.6600

  -1.0000e+09

    4.0403

End of this iteration
x-value
    3.0835
    1.7561
    3.1548
    0.8980
    4.5597
    0.0000
    0.0000
    0.0000
         0
         0
   -0.0000
         0
         0
    0.0000
         0
    0.0000
    0.0000
    0.0000
    0.0000
    0.0000
    0.0000
         0
    0.0000
         0
         0
    0.0000
    0.0000
    0.0000
    0.0000
         0
    0.0000
         0
    0.0000
         0
         0
    0.0000
  125.9636

  -1.0000e+09

    4.0936

End of this iteration
x-value
    3.0427
    1.7883
    3.1606
    0.8951
    4.5094
   -0.0000
    0.0000
    0.0000
    0.0000
    0.0000
         0
    0.0000
         0
    0.0000
    0.0000
    0.0000
    0.0000
    0.0000
    0.0000
         0
         0
    0.0000
    0.0000
         0
         0
    0.0000
         0
         0
    0.0000
    0.0000
    0.0000
         0
    0.0000
   -0.0000
         0
         0
  124.0332

  -1.0000e+09

    4.0698

End of this iteration
x-value
    3.0427
    1.7883
    3.1606
    0.8951
    4.5094
    0.0000
    0.0000
         0
    0.0000
    0.0000
         0
    0.0000
    0.0000
    0.0000
    0.0000
    0.0000
   -0.0000
    0.0000
   -0.0000
         0
         0
    0.0000
         0
         0
    0.0000
         0
    0.0000
    0.0000
    0.0000
    0.0000
         0
    0.0000
         0
    0.0000
    0.0000
    0.0000
  124.0332

  -1.0000e+09

    4.0698

End of this iteration
x-value
    2.7913
    2.1255
    2.7068
    1.5139
    3.4952
    1.3335
    0.0000
    0.0000
         0
         0
    0.0000
    0.0000
         0
    0.0000
         0
    0.0000
         0
         0
    0.0000
    0.0000
         0
         0
         0
         0
    0.0000
    0.0000
         0
    0.0000
         0
         0
    0.0000
    0.0000
    1.4393
         0
    0.0000
    0.0000
   85.2400

  -1.0000e+09

    3.9618

End of this iteration
x-value
    2.6077
    2.3594
    2.4242
    1.8366
    3.1226
    1.7022
    0.0000
         0
    0.0000
         0
    0.0000
         0
         0
         0
    0.0000
         0
         0
         0
    0.0000
    0.0000
         0
    0.0000
    0.0000
    0.0000
         0
    0.0000
         0
    0.0000
         0
    0.0000
         0
    0.0000
    0.1102
    0.0000
    0.0000
         0
   69.5122

  -1.0000e+09

    3.8798

End of this iteration
{Operation terminated by user during parallel.internal.parfor.ParforEngine/getCompleteIntervals


In parallel_function>distributed_execution (line 746)
        [tags, out] = P.getCompleteIntervals(chunkSize);

In parallel_function (line 578)
    R = distributed_execution(...

In ws3 (line 83)
    parfor i = 1:numVars

In out_max2>@(x,y)ws3(x,y,k,h,p,f,q,false) (line 34)
options6 = optimoptions('simulannealbnd','PlotFcns',{@saplotbestf,@saplottemperature,@saplotf,@saplotstopping},'AnnealingFcn', {@(x,y)ws3(x,y,k,h,p,f,q,false)},'InitialTemperature',initialTemp,'MaxIterations', 10);

In globaloptim.simulannealbnd.sanewpoint (line 17)
     newx(:) = options.AnnealingFcn(optimvalues,problem);

In globaloptim.simulannealbnd.saengine (line 29)
    solverData = globaloptim.simulannealbnd.sanewpoint(solverData,problem,options);

In globaloptim.simulannealbnd.driver (line 28)
solverData = globaloptim.simulannealbnd.saengine(solverData,problem,options);

In simulannealbnd (line 197)
    globaloptim.simulannealbnd.driver(FUN, x0, [], [], [], [], lb, ub, options, defaultopt);

In out_max2/globopt2 (line 82)
        [opt,fval,~,out] = simulannealbnd(opt_fxn, initialGuess, lb, ub,options);

In out_max2 (line 39)
[opt, fval] = globopt2(newey,options6,n,f_name,opt_fxn);

In CSIP_Solver_PDE/solve (line 71)
            [opt,fval] = out_max2(@(u) -1*obj.inner_minimization(u),f_name,obj.domain_dim,obj.constraint_dim,h,k,obj.constraint_bounds);

In solverPDE (line 87)
x_opt = obj.solve(h1,k1);
} 
solverPDE
Enter the number of dimensions (for x): 37
Do you want to enter separate bounds for each dimension? (Y/N): N
Enter lower bound : 0
Enter higher bound : 500
Enter the number of dimensions (for u): 2
Do you want to enter separate bounds for each dimension? (Y/N): N
Enter lower bound : 0
Enter higher bound : 1
