0.683821
0.528977
0.913337
0.452378
0.825817
0.838342
0.996135
0.678176
0.742678
0.406653
0.961898
0.604634
0.774910
0.817303
0.868695
0.684436
0.699783
0.559870
0.800068
0.731414
0.910648
0.481847
0.563803
0.445539
0.436069
0.869292
0.879705
0.849860
0.444955
0.853031
0.922055
0.650952
0.813250
0.701808
0.675967
0.539916
0.423319
0.483908
0.539953
0.717267
0.649654
0.902716
0.944787
0.790864
0.789253
0.637719
0.900054
0.669247
0.411203
0.780252
0.689739
0.541691
0.703912
0.696455
0.431973
0.942051
0.956135
0.875209
0.659780
0.534780
0.653159
0.821194
0.615403
0.643024
0.468990
0.949115
0.731722
0.947746
0.750924
0.847009
0.596321
0.744693
0.488955
0.986775
