0.785559
0.513377
0.177602
0.398589
0.133931
0.030890
0.939142
0.301306
0.295534
0.332936
0.467068
0.648198
0.025228
0.842207
0.559033
0.854100
0.347879
0.446027
0.054239
0.177108
0.662808
0.330829
0.898486
0.118155
0.988418
0.539982
0.706917
0.999492
0.287849
0.414523
0.464840
0.763957
0.818204
0.100222
0.178117
0.359635
0.056705
0.521886
0.335849
0.175669
0.208947
0.905154
0.675391
0.468468
0.912132
0.104012
0.745546
0.736267
0.561861
0.184194
0.597211
0.299937
0.134123
0.212602
0.894942
0.071453
0.242487
0.053754
0.441722
0.013283
0.897191
0.196658
0.093371
0.307367
0.456058
0.101669
0.995390
0.332093
0.297347
0.062045
0.298244
0.046351
0.505428
0.761426
